nm'	wfl'	nmqm	bj'	bad0	zh	ww0	adrg	adrs	wohng	wohns	badkach	fenster	kueche	mvdauer	bjkat	wflkat	rooms
693.29	50	13.8658	1971.5	0	1	0	0	0	0	0	0	0	0	2	4	1	1
736.6	70	10.522857	1971.5	0	1	0	0	0	0	0	0	0	0	26	4	2	3
732.23	50	14.6446	1971.5	0	1	0	0	0	0	0	0	0	0	1	4	1	1
1295.14	55	23.548	1893	0	1	0	0	0	0	0	0	0	0	0	1	2	3
394.97	46	8.586304	1957	0	0	1	0	0	0	0	0	0	0	27	3	1	3
1285.64	94	13.677021	1971.5	0	1	0	0	0	0	0	1	0	0	2	4	3	4
476.31	28	17.011071	1967	0	1	0	0	0	0	0	0	1	1	9	4	1	1
709.57	36	19.710278	1971.5	0	1	0	0	0	0	0	0	0	1	3	4	1	1
852.74	33	25.840606	1971.5	0	1	0	0	0	0	0	0	0	0	1	4	1	1
657.44	57	11.534035	1985	0	1	0	0	0	0	0	1	0	1	9	6	2	2
1237.84	75	16.504533	1985	0	1	0	0	0	0	0	1	0	1	3	6	2	3
1212.03	83	14.602771	1985	0	1	0	0	0	0	0	1	0	1	1	6	3	3
527.54	50	10.5508	1957	0	1	0	0	0	0	0	1	0	0	4	3	1	2
1183.62	71	16.670704	1989.5	0	1	0	0	0	0	0	1	0	1	3	6	2	3
852.3	93	9.164516	1971.5	0	1	0	0	0	0	0	1	0	0	4	4	3	4
812.8	93	8.739785	1971.5	0	1	0	0	0	0	0	1	0	0	12	4	3	4
593.07	79	7.507215	1971.5	0	1	0	0	0	0	0	0	0	0	20	4	2	3
1623.63	60	27.0605	1985	0	1	0	1	0	1	0	1	0	1	1	6	2	2
2680	145	18.482759	1971.5	0	1	0	1	0	1	0	1	0	1	2	4	3	4
837.84	76	11.024211	1957	0	1	0	0	1	0	1	0	0	0	20	3	2	3
875.1	104	8.414423	1957	0	1	0	0	0	0	1	1	0	0	3	3	3	5
765.39	93	8.23	1971.5	0	1	0	0	0	0	1	1	0	0	3	4	3	4
422.82	50	8.4564	1957	0	0	0	0	0	0	0	0	0	0	9	3	1	2
414.2	50	8.284	1880	0	0	0	0	0	0	0	0	0	0	8	1	1	1
480.34	40	12.0085	1959	0	1	0	0	0	0	0	0	0	0	2	3	1	1
1454.12	74	19.65027	1957	0	1	0	0	0	0	0	0	0	0	2	3	2	3
759.2	76	9.989474	1957	0	1	0	0	0	0	0	1	0	0	0	3	2	3
700	36	19.444444	1965	0	1	0	0	0	0	0	0	0	0	4	3	1	2
670.86	59	11.370508	1957	0	0	0	0	0	0	0	0	1	0	5	3	2	1
380	40	9.5	1911	1	0	0	0	0	0	0	0	0	0	32	1	1	2
240.4	68	3.535294	1893	0	0	1	0	0	0	0	0	0	0	39	1	2	2
1030	56	18.392857	1971.5	0	1	0	0	0	0	0	1	0	0	1	4	2	2
452.7	32	14.146875	1971.5	0	1	0	0	0	0	0	0	0	1	13	4	1	1
900	55	16.363636	1971.5	0	1	0	0	0	0	0	0	0	1	0	4	2	2
925.4	45	20.564444	1956	0	1	0	0	0	0	0	0	0	0	1	3	1	2
928.68	54	17.197778	1980.5	0	1	0	0	0	0	0	1	0	0	13	5	2	2
1204.45	79	15.246203	1980.5	0	1	0	0	0	0	0	0	0	0	11	5	2	3
1004.45	50	20.089	1980.5	0	1	0	0	0	0	0	1	0	0	1	5	1	2
1300.23	75	17.3364	1956	0	1	0	0	0	0	0	1	0	1	7	3	2	3
820	73	11.232877	1955	0	0	0	0	1	0	1	1	0	0	5	3	2	3
554.56	43	12.896744	1962	0	1	0	0	0	0	0	1	0	0	5	3	1	2
664.08	50	13.2816	1962	0	1	0	0	0	0	0	1	0	0	3	3	1	2
721.21	52	13.869423	1959	0	1	0	0	0	0	0	1	0	0	0	3	2	2
239.28	45	5.317333	1933.5	0	0	0	0	0	0	0	1	0	0	4	2	1	2
489.71	39	12.556667	1957	0	1	0	0	0	1	0	1	0	0	9	3	1	2
421.6	40	10.54	1957	0	1	0	0	0	1	0	0	0	0	27	3	1	2
799.6	52	15.376923	1957	0	1	0	0	0	1	0	0	0	0	2	3	2	2
566.19	56	10.110536	1957	0	1	0	0	0	1	0	0	0	0	17	3	2	2
1092.39	84	13.004643	1976	0	1	0	0	0	0	0	1	0	0	12	4	3	4
449.91	35	12.854571	1980.5	0	1	0	0	0	0	0	1	0	0	3	5	1	1
982.05	65	15.108462	1963	0	1	0	0	0	1	0	0	1	0	0	3	2	2
679.55	69	9.848551	1957	0	1	0	0	0	1	0	0	0	0	20	3	2	3
720.25	95	7.581579	1933.5	0	1	0	0	0	1	0	0	0	0	40	2	3	4
610.11	59	10.340847	1941	0	1	0	0	0	1	0	0	0	0	2	2	2	3
776.56	68	11.42	1971.5	0	1	0	0	0	1	0	0	0	0	18	4	2	2
1720.85	100	17.2085	1971.5	0	1	0	0	0	1	0	0	0	1	0	4	3	3
799.98	68	11.764412	1971.5	0	1	0	0	0	1	0	1	0	0	20	4	2	2
658.4	55	11.970909	1939	0	0	0	0	0	1	0	0	0	1	1	2	2	2
1350	135	10	1933.5	0	1	0	0	0	1	0	0	0	0	7	2	3	5
483.82	23	21.035652	1959	0	1	0	0	0	0	0	1	0	0	1	3	1	1
765	62	12.33871	1971.5	0	1	0	0	0	1	0	1	0	0	15	4	2	2
337.74	35	9.649714	1957	0	0	1	0	0	1	0	0	0	0	6	3	1	1
375.74	35	10.735429	1957	0	0	1	0	0	1	0	0	0	0	1	3	1	1
347.94	45	7.732	1957	0	0	1	0	0	1	0	0	0	0	15	3	1	2
443.4	35	12.668571	1957	0	0	1	0	0	1	0	1	0	0	0	3	1	2
1348.5	106	12.721698	1893	0	1	0	0	0	0	0	1	0	0	5	1	3	3
918.27	125	7.34616	1893	0	0	0	0	0	0	0	0	0	0	11	1	3	4
569.52	36	15.82	1971.5	0	1	0	0	0	1	0	0	0	0	3	4	1	1
681.48	73	9.335342	1971.5	0	1	0	0	0	1	0	0	0	0	11	4	2	3
767.35	42	18.270238	1971.5	0	1	0	0	0	1	0	0	0	0	6	4	1	2
564.55	41	13.769512	1957	0	1	0	0	0	1	0	1	0	0	32	3	1	2
1408.91	74	19.039324	1971.5	0	1	0	0	0	0	0	0	0	0	2	4	2	4
1054.95	86	12.26686	1957	0	1	0	0	0	0	0	0	0	0	14	3	3	4
747.96	89	8.404045	1980.5	0	1	0	0	0	0	0	0	0	0	3	5	3	4
1015.63	90	11.284778	1980.5	0	1	0	0	0	0	0	0	0	0	12	5	3	4
584.19	44	13.277045	1971.5	0	1	0	0	0	0	0	0	0	0	1	4	1	2
506.65	37	13.693243	1971.5	0	1	0	0	0	0	0	0	0	0	2	4	1	1
447.63	77	5.813377	1970	0	1	0	0	0	0	0	0	0	0	2	4	2	3
385.51	77	5.006623	1970	0	1	0	0	0	0	0	1	0	0	3	4	2	3
719.96	83	8.674217	1971.5	0	1	0	0	0	0	0	0	0	0	3	4	3	4
665.06	70	9.500857	1957	0	1	0	0	0	0	0	0	1	0	0	3	2	3
705.6	50	14.112	1957	0	1	0	0	0	0	0	0	0	0	25	3	1	2
669.48	82	8.16439	1985	0	1	0	0	0	0	0	0	0	0	5	6	3	4
1386.36	60	23.106	1973	0	1	0	0	0	0	0	0	0	0	3	4	2	2
521.92	34	15.350588	1972	0	1	0	0	0	0	0	0	0	0	5	4	1	1
756.67	76	9.956184	1980.5	0	1	0	0	0	0	0	0	0	0	13	5	2	3
1061.85	77	13.79026	1980.5	0	1	0	0	0	0	0	0	0	0	13	5	2	3
724.24	77	9.405714	1979	0	1	0	0	0	0	0	0	0	0	1	5	2	3
865.48	83	10.42747	1979	0	1	0	0	0	0	0	0	0	0	7	5	3	3
541.34	49	11.047755	1980.5	0	1	0	0	0	0	0	1	0	0	14	5	1	2
744.07	84	8.857976	1971.5	0	1	0	0	0	0	0	1	0	0	9	4	3	3
635.12	95	6.685474	1981	0	1	0	0	0	0	0	0	0	0	1	5	3	4
571.28	61	9.365246	1957	0	1	0	0	0	0	1	1	0	0	35	3	2	3
406.65	57	7.134211	1893	1	0	1	0	0	0	0	0	0	0	41	1	2	2
340.21	68	5.003088	1893	0	0	1	0	0	0	0	0	1	0	21	1	2	3
921.67	86	10.717093	1893	0	1	0	0	0	0	0	1	0	0	4	1	3	3
1285.09	72	17.848472	1971.5	0	1	0	0	0	0	0	1	0	0	1	4	2	3
703.03	55	12.782364	1957	0	1	0	0	0	0	0	1	0	1	3	3	2	2
449.8	43	10.460465	1958	0	1	0	0	0	0	0	1	0	0	19	3	1	2
382.04	56	6.822143	1957	0	1	1	0	0	0	0	0	0	0	35	3	2	2
891.88	56	15.926429	1971.5	0	1	1	0	0	0	0	1	0	0	4	4	2	3
754.96	64	11.79625	1957	0	0	0	0	0	0	0	1	0	0	35	3	2	3
1410.71	106	13.308585	1933.5	0	1	0	0	0	0	0	1	0	0	6	2	3	4
228.74	37	6.182162	1957	0	0	1	0	0	0	0	0	0	0	12	3	1	1
563.5	51	11.04902	1893	0	1	0	0	0	0	0	0	0	0	23	1	2	3
1234.51	85	14.523647	1893	0	1	0	0	0	0	0	1	0	1	5	1	3	4
535	44	12.159091	1935	0	1	0	0	0	0	0	1	0	0	7	2	1	1
488.11	43	11.351395	1935	0	0	0	0	0	0	0	1	0	0	3	2	1	2
473.24	80	5.9155	1957	0	0	1	0	0	0	1	0	0	0	14	3	2	3
1094.82	56	19.550357	1893	0	1	0	0	0	0	0	1	0	0	3	1	2	2
644.4	35	18.411429	1850	0	1	0	0	0	0	0	0	0	0	5	1	1	1
581.33	25	23.2532	1957	0	1	0	0	0	0	0	0	0	0	0	3	1	1
699.6	80	8.745	1933.5	0	1	1	0	0	0	0	0	0	0	4	2	2	3
675	35	19.285714	1971.5	0	1	0	0	0	0	0	0	1	0	3	4	1	1
444.2	28	15.864286	1957	0	1	0	0	0	0	0	1	0	1	4	3	1	1
478.39	75	6.378533	1957	0	1	0	0	0	0	0	0	0	0	24	3	2	3
758.58	67	11.32209	1966	0	1	0	0	0	0	0	0	0	0	2	4	2	3
1039.07	61	17.033934	1987.5	0	1	0	0	0	0	0	1	0	0	1	6	2	2
1306.1	154	8.481169	1933.5	0	1	0	0	0	0	0	1	0	0	6	2	3	5
919.52	63	14.595556	1957	0	1	0	0	0	1	0	0	0	0	30	3	2	2
286.05	55	5.200909	1957	0	0	0	0	0	0	0	0	0	0	19	3	2	3
1215.81	46	26.430652	1991	0	1	0	0	0	0	0	1	0	1	2	6	1	2
796.48	42	18.96381	1893	0	0	0	0	0	0	1	1	1	0	3	1	1	2
1398.5	70	19.978571	1957	0	1	0	0	0	0	0	1	0	0	1	3	2	3
353.58	48	7.36625	1933.5	0	1	0	0	0	0	1	0	0	0	13	2	1	2
907	80	11.3375	1957	0	1	0	0	0	0	0	1	0	0	19	3	2	3
680	62	10.967742	1932	0	1	0	0	0	0	0	1	0	0	0	2	2	3
668.29	48	13.922708	1988	0	1	0	0	0	0	0	1	0	1	3	6	1	2
778.29	60	12.9715	1980.5	0	1	0	0	0	0	0	1	0	1	6	5	2	2
239.31	40	5.98275	1957	0	1	0	0	0	0	0	1	0	0	1	3	1	1
338.9	35	9.682857	1933.5	0	0	0	0	0	0	0	1	0	0	0	2	1	2
1521.74	102	14.91902	1980.5	0	1	0	0	0	0	0	1	0	0	13	5	3	4
461.71	40	11.54275	1920	0	1	0	0	0	0	0	1	0	0	3	2	1	2
987	68	14.514706	1957	0	1	0	0	0	1	0	1	0	0	3	3	2	2
1217.37	62	19.635	1971.5	0	1	0	0	0	1	0	1	0	0	3	4	2	2
426.84	67	6.370746	1971.5	0	1	0	0	0	1	0	1	0	1	0	4	2	2
629.3	62	10.15	1957	0	1	0	0	0	0	0	1	1	0	8	3	2	3
694.4	35	19.84	1992	1	1	0	0	0	0	0	0	0	0	0	6	1	1
984.53	57	17.272456	1992	0	1	0	0	0	0	0	1	0	0	0	6	2	2
1021.04	56	18.232857	1992	0	1	0	0	0	0	0	1	0	0	1	6	2	2
1685.52	103	16.364272	1985	0	1	0	0	0	1	0	1	0	1	4	6	3	3
1590.44	116	13.71069	1933.5	0	1	0	0	0	0	0	1	0	0	4	2	3	5
500	32	15.625	1971.5	0	1	0	0	0	1	0	1	0	0	0	4	1	1
775.2	72	10.766667	1971.5	0	1	0	0	0	1	0	1	0	0	27	4	2	3
516.35	47	10.98617	1957	0	1	0	0	0	1	0	1	0	0	1	3	1	1
1210.81	71	17.053662	1971.5	0	1	0	0	0	1	0	1	0	1	3	4	2	3
1347.35	48	28.069792	1985	0	1	0	0	0	0	0	1	0	0	7	6	1	2
1438.5	70	20.55	1987	0	1	0	0	0	1	0	1	0	0	0	6	2	2
454.65	62	7.333065	1933.5	0	1	0	0	0	0	0	1	0	0	2	2	2	2
1012	102	9.921569	1957	0	1	0	0	0	1	0	1	0	0	23	3	3	5
1261.48	250	5.04592	1912	0	1	1	0	0	1	0	1	0	0	23	1	3	5
534.2	100	5.342	1907	0	1	0	0	0	1	0	1	0	1	6	1	3	3
823.32	43	19.146977	1969	0	1	0	0	0	1	0	1	0	0	3	4	1	2
693.68	74	9.374054	1933.5	0	1	0	0	0	0	0	0	0	0	22	2	2	3
1302.81	82	15.887927	1933.5	0	1	0	0	0	0	0	0	0	0	2	2	3	3
575.21	58	9.917414	1933.5	0	0	0	0	0	0	0	0	0	0	25	2	2	3
1250	78	16.025641	1971.5	0	1	0	0	0	0	0	1	0	0	2	4	2	3
770	42	18.333333	1971.5	0	1	0	0	0	0	0	1	0	0	1	4	1	2
980	97	10.103093	1957	0	1	0	0	0	0	0	1	0	0	6	3	3	3
958	97	9.876289	1957	0	1	0	0	0	0	0	0	0	0	3	3	3	4
471.99	45	10.488667	1933.5	0	1	0	0	0	0	0	0	0	0	47	2	1	2
498.29	31	16.073871	1985	0	1	0	0	0	1	0	1	0	1	5	6	1	1
1228.49	65	18.899846	1980.5	0	1	0	0	0	1	0	1	0	1	1	5	2	2
1753.19	83	21.122771	1957	0	1	0	0	0	1	0	1	0	0	0	3	3	3
1025.54	84	12.20881	1933.5	0	1	0	0	0	1	0	1	0	1	2	2	3	4
950	62	15.322581	1971.5	0	1	0	0	0	1	0	1	0	0	7	4	2	2
1650	100	16.5	1971.5	0	1	0	0	0	1	0	1	0	1	1	4	3	3
682.13	38	17.950789	1979	0	1	0	0	0	0	1	1	0	0	1	5	1	1
297.4	54	5.507407	1957	0	1	0	0	0	0	1	1	0	0	14	3	2	2
508.15	97	5.23866	1957	0	1	0	0	0	0	1	1	0	0	24	3	3	4
1203.85	121	9.949174	1957	0	1	0	0	0	1	0	0	0	0	33	3	3	4
989.41	121	8.176942	1957	0	1	0	0	0	1	0	0	0	0	8	3	3	4
820.56	121	6.781488	1957	0	1	0	0	0	1	0	0	0	0	24	3	3	4
565	50	11.3	1933.5	0	1	0	0	0	0	1	1	0	0	1	2	1	2
691	62	11.145161	1933.5	0	1	0	0	0	0	1	1	0	0	38	2	2	3
651.44	62	10.507097	1971.5	0	0	1	0	0	1	0	0	1	0	6	4	2	3
356.74	84	4.246905	1893	1	0	0	0	0	1	0	0	0	0	23	1	3	3
340	22	15.454545	1980.5	0	1	0	0	0	1	0	1	0	0	1	5	1	1
555.08	38	14.607368	1980.5	0	1	0	0	0	1	0	1	0	0	0	5	1	1
643.21	87	7.393218	1957	0	1	0	0	0	1	0	1	0	0	22	3	3	4
638.6	90	7.095556	1957	0	1	0	0	0	1	0	1	0	0	21	3	3	4
982.46	69	14.238551	1971.5	0	1	0	0	0	0	0	1	0	0	7	4	2	3
904.66	69	13.111014	1971.5	0	1	0	0	0	0	0	1	0	0	6	4	2	2
545.7	70	7.795714	1957	0	1	0	0	0	0	0	1	0	0	21	3	2	3
1030	71	14.507042	1971.5	0	1	0	0	0	0	0	1	1	0	20	4	2	3
763.97	79	9.670506	1971.5	0	1	0	0	0	0	0	1	1	0	19	4	2	3
480.54	30	16.018	1934	0	1	0	0	0	1	0	0	0	0	1	2	1	1
652.96	69	9.463188	1957	0	1	0	0	0	0	0	0	0	0	21	3	2	3
602.26	59	10.207797	1957	0	1	0	0	0	0	0	0	0	0	10	3	2	3
388.8	28	13.885714	1957	0	1	0	0	0	0	0	0	0	0	1	3	1	1
454	43	10.55814	1957	0	1	0	0	0	0	0	0	0	0	8	3	1	1
1263.76	72	17.552222	1957	0	1	0	0	0	1	0	1	1	0	9	3	2	3
833.45	41	20.328049	1985	0	1	0	0	0	0	0	1	0	0	1	6	1	2
1008.96	69	14.622609	1971.5	0	1	0	0	0	1	0	1	0	0	9	4	2	2
1353.8	70	19.34	1985	0	1	0	0	0	0	0	1	0	1	7	6	2	3
487.62	70	6.966	1956	0	0	0	0	0	0	1	0	0	0	4	3	2	3
663.58	41	16.184878	1980.5	0	1	0	0	0	0	0	1	0	0	6	5	1	2
1016.37	55	18.479455	1971.5	0	1	0	0	0	0	0	1	0	0	2	4	2	2
448.43	65	6.898923	1933.5	0	0	0	0	0	0	1	1	0	0	19	2	2	3
1232	67	18.38806	1987.5	0	1	0	0	0	0	0	1	0	0	1	6	2	2
1025.88	43	23.857674	1985	0	1	0	0	0	0	0	1	0	0	7	6	1	2
1424.87	67	21.266716	1987.5	0	1	0	0	0	0	0	1	0	0	1	6	2	2
598.29	37	16.17	1970	0	1	0	0	0	0	0	1	0	0	1	4	1	1
629.75	40	15.74375	1980.5	0	0	0	0	0	0	1	1	0	0	1	5	1	2
887.41	64	13.865781	1971.5	0	1	0	0	0	0	0	1	0	0	6	4	2	3
1065.63	38	28.042895	1971.5	0	1	0	0	0	1	0	0	0	1	2	4	1	1
1130.83	85	13.303882	1971.5	0	1	0	0	0	1	0	1	0	0	19	4	3	4
1176.5	84	14.005952	1971.5	0	1	0	0	0	1	0	0	0	0	1	4	3	4
950	92	10.326087	1971.5	0	1	0	0	0	1	0	1	0	0	23	4	3	4
936.45	91	10.290659	1971.5	0	1	0	0	0	1	0	1	0	0	4	4	3	4
500.17	45	11.114889	1957	0	1	0	0	0	1	0	1	0	0	39	3	1	2
246.53	71	3.472254	1957	0	1	0	0	0	0	0	0	0	0	18	3	2	3
294.23	81	3.632469	1957	0	1	0	0	0	0	0	1	0	0	3	3	3	3
1301.99	80	16.274875	1962	0	1	0	0	0	1	0	1	0	0	0	3	2	4
515.18	45	11.448444	1971.5	0	0	0	0	0	0	0	1	0	1	9	4	1	2
540.8	72	7.511111	1971.5	0	1	0	0	0	0	0	1	0	0	4	4	2	3
382.12	64	5.970625	1957	0	0	1	0	0	0	0	0	0	0	6	3	2	3
636	61	10.42623	1957	0	1	0	0	0	0	0	1	0	0	9	3	2	2
536.48	84	6.386667	1910	0	0	1	0	0	0	0	0	1	0	1	1	3	2
1132.06	92	12.305	1893	0	0	1	0	0	0	0	0	0	0	3	1	3	4
814.13	54	15.076481	1985	0	1	0	0	0	0	0	1	0	1	7	6	2	2
633.92	39	16.254359	1970	0	1	0	0	0	0	0	0	0	0	3	4	1	1
494.92	80	6.1865	1933.5	0	0	1	0	0	0	0	1	0	0	3	2	2	3
908.46	86	10.563488	1893	0	0	0	0	0	0	1	1	0	0	61	1	3	3
936.9	74	12.660811	1880	0	1	0	0	0	0	0	1	0	0	1	1	2	3
346.18	68	5.090882	1880	0	0	0	0	0	0	0	1	1	0	20	1	2	3
430.31	47	9.155532	1893	0	0	0	0	0	0	0	0	0	0	21	1	1	2
1064.8	60	17.746667	1893	0	1	0	0	0	0	0	1	0	0	2	1	2	2
1432.6	99	14.470707	1893	0	1	0	0	0	0	0	1	0	0	7	1	3	4
549.63	32	17.175938	1968	0	1	0	0	0	0	0	1	0	0	2	4	1	1
940	73	12.876712	1968	0	1	0	0	0	0	0	0	0	0	35	4	2	3
989.2	46	21.504348	1971.5	0	1	0	0	0	0	0	1	0	0	4	4	1	2
758.37	29	26.15069	1987.5	0	1	0	0	0	0	0	1	0	0	4	6	1	1
993.46	67	14.827761	1989.5	0	1	0	0	0	0	0	1	0	1	4	6	2	2
1241.88	49	25.34449	1957	0	1	0	0	0	1	0	1	0	1	1	3	1	2
865.88	30	28.862667	1957	0	1	0	0	0	1	0	1	0	0	1	3	1	2
614.17	37	16.599189	1971.5	0	1	0	0	0	1	0	1	0	0	17	4	1	1
442.25	41	10.786585	1957	0	1	0	0	0	0	0	0	0	0	28	3	1	2
930	48	19.375	1957	0	1	0	0	0	0	1	1	0	0	0	3	1	2
896	109	8.220183	1893	0	1	0	0	0	1	0	0	1	0	49	1	3	3
945.88	46	20.562609	1953	0	1	0	0	0	1	0	0	0	1	2	3	1	3
1187.09	89	13.33809	1971.5	0	1	0	0	0	0	0	1	0	0	9	4	3	3
603	35	17.228571	1933.5	0	1	0	0	0	0	0	0	0	0	14	2	1	1
206.76	54	3.828889	1893	0	0	0	0	0	0	0	0	0	0	6	1	2	3
1036.58	72	14.396944	1971.5	0	1	0	0	0	0	0	1	0	0	5	4	2	3
1048.29	68	15.416029	1971.5	0	1	0	0	0	0	0	0	0	1	14	4	2	3
251.3	57	4.408772	1971.5	0	1	0	0	0	0	0	0	0	0	1	4	2	2
400.57	57	7.027544	1971.5	0	1	0	0	0	0	0	0	0	0	25	4	2	2
722.6	78	9.264103	1957	0	1	0	0	0	0	0	0	0	0	4	3	2	3
258.51	87	2.971379	1957	0	1	0	0	0	0	0	0	0	0	22	3	3	5
1436.66	92	15.61587	1971.5	0	1	0	0	0	0	0	1	0	0	0	4	3	4
765.29	53	14.439434	1971.5	0	1	0	0	0	0	0	0	0	0	5	4	2	2
762.84	56	13.622143	1933.5	0	1	0	0	0	0	0	0	0	0	8	2	2	2
675.38	101	6.686931	1908	0	1	0	0	0	0	0	0	1	0	20	1	3	5
746.3	68	10.975	1957	0	1	0	0	0	0	0	0	0	0	29	3	2	2
1150.98	88	13.079318	1899	0	0	0	0	0	0	0	0	1	0	13	1	3	3
846.64	58	14.597241	1899	0	0	0	0	0	0	0	0	1	0	17	1	2	2
606.31	54	11.227963	1966	0	0	0	0	0	0	0	0	0	0	2	4	2	2
916.32	45	20.362667	1980.5	0	1	0	0	0	1	0	0	0	0	13	5	1	2
680.95	96	7.093229	1893	0	0	0	0	0	0	1	0	0	0	7	1	3	3
792	65	12.184615	1957	0	1	0	0	0	0	0	1	0	0	6	3	2	3
559.02	40	13.9755	1957	0	1	0	0	0	0	0	0	0	0	6	3	1	1
906.58	64	14.165312	1957	0	1	0	0	0	0	0	1	0	0	6	3	2	3
927.15	86	10.780814	1971.5	0	1	0	0	0	0	0	1	0	0	4	4	3	4
358.64	35	10.246857	1957	0	0	0	0	0	0	0	1	0	0	8	3	1	1
1400	76	18.421053	1980.5	0	1	0	0	0	0	0	1	0	0	2	5	2	2
649.49	27	24.055185	1966	0	1	0	0	0	0	1	0	0	1	3	4	1	1
733.55	39	18.808974	1971.5	0	1	0	0	0	0	1	1	0	0	3	4	1	2
733.92	38	19.313684	1962	0	1	0	0	0	0	0	1	0	0	8	3	1	1
740.94	72	10.290833	1980.5	0	1	0	0	0	0	0	1	0	0	13	5	2	3
434.04	43	10.093953	1933.5	0	0	0	0	0	0	0	0	0	0	0	2	1	2
427.31	40	10.68275	1933.5	0	0	0	0	0	0	0	0	0	0	20	2	1	2
374.53	56	6.688036	1933.5	0	1	0	0	0	0	0	1	0	0	3	2	2	2
381.75	56	6.816964	1957	0	1	0	0	0	0	0	0	1	0	7	3	2	2
778.77	73	10.668082	1957	0	1	0	0	0	0	0	1	1	0	6	3	2	3
640	82	7.804878	1927	0	1	0	0	0	0	0	1	0	0	11	2	3	3
1000	73	13.69863	1927	0	1	0	0	0	0	0	1	0	0	1	2	2	2
570	79	7.21519	1933.5	0	1	0	0	0	0	0	0	0	0	21	2	2	4
459.63	48	9.575625	1957	0	0	0	0	0	0	0	0	0	0	4	3	1	2
509.98	47	10.850638	1933.5	0	0	0	0	0	0	0	1	0	0	3	2	1	2
632.88	69	9.172174	1957	0	1	0	0	0	0	0	1	0	0	37	3	2	3
2356.82	98	24.049184	1989.5	0	1	0	0	0	0	0	0	0	1	2	6	3	2
1985.57	87	22.822644	1989.5	0	1	0	0	0	0	0	0	0	1	1	6	3	3
443.32	54	8.20963	1893	0	0	0	0	0	0	0	0	0	0	34	1	2	2
373.19	57	6.547193	1893	0	0	0	0	0	0	0	0	0	0	64	1	2	2
759.89	105	7.237048	1893	0	0	0	0	0	0	0	0	0	0	39	1	3	4
367.8	90	4.086667	1893	0	0	0	0	0	0	0	0	0	0	82	1	3	3
942.27	143	6.589301	1893	0	0	0	0	0	0	0	1	0	0	18	1	3	4
1073.56	110	9.759636	1933.5	0	1	0	0	0	0	0	0	0	0	14	2	3	4
1308.27	110	11.893364	1933.5	0	1	0	0	0	0	0	1	0	0	3	2	3	4
678.65	65	10.440769	1957	0	1	0	0	0	0	0	1	0	0	29	3	2	3
717.58	51	14.070196	1933.5	0	1	0	0	0	0	0	1	0	0	60	2	2	2
548.28	92	5.959565	1933.5	0	1	0	0	0	0	0	1	0	0	21	2	3	4
351.76	69	5.097971	1938	0	0	0	0	0	0	0	1	0	0	15	2	2	2
2732.53	145	18.845034	1933.5	0	1	0	0	0	0	0	1	0	0	6	2	3	5
1664.31	108	15.410278	1959	0	1	0	0	0	1	0	1	0	1	10	3	3	4
132.11	84	1.572738	1893	0	0	0	0	0	0	0	0	0	0	24	1	3	3
762.3	90	8.47	1893	0	1	0	0	0	1	0	1	0	0	8	1	3	3
1033.98	100	10.3398	1933.5	0	1	0	0	0	1	0	1	0	0	19	2	3	4
357.47	43	8.313256	1933.5	1	0	0	0	0	1	0	0	0	0	25	2	1	1
375.14	37	10.138919	1957	0	1	0	0	0	1	0	1	0	0	29	3	1	1
445.87	45	9.908222	1957	0	1	0	0	0	1	0	0	0	0	11	3	1	1
520.22	54	9.633704	1957	0	1	0	0	0	1	0	0	0	0	35	3	2	2
280.63	52	5.396731	1957	0	1	0	0	0	1	0	1	0	0	6	3	2	2
851.32	84	10.134762	1957	0	1	0	0	0	1	0	1	0	0	17	3	3	3
1644.22	71	23.158028	1985	0	1	0	0	0	1	0	1	0	0	3	6	2	3
1036.23	140	7.401643	1893	0	1	1	0	0	1	0	1	0	0	8	1	3	4
242.06	76	3.185	1893	0	1	0	0	0	1	0	1	0	0	67	1	2	2
254.4	57	4.463158	1957	0	0	0	0	0	1	0	0	0	0	13	3	2	2
683.44	68	10.050588	1957	0	0	0	0	0	1	0	0	0	0	13	3	2	2
737.78	92	8.019348	1893	0	0	0	0	0	1	0	1	0	0	53	1	3	3
692.76	68	10.187647	1893	1	0	1	0	0	1	0	0	0	0	15	1	2	3
1300	69	18.84058	1893	0	1	0	0	0	1	0	1	0	1	2	1	2	2
1681.28	117	14.369915	1893	0	1	0	0	0	1	0	0	0	0	3	1	3	4
946.8	80	11.835	1893	0	0	1	0	0	1	0	0	0	0	7	1	2	3
1116.06	80	13.95075	1957	0	0	0	0	0	1	0	1	0	0	4	3	2	3
454.48	53	8.575094	1957	0	1	0	0	0	1	0	0	0	0	22	3	2	2
1254.64	72	17.425556	1893	0	1	0	0	0	1	0	0	0	1	0	1	2	2
2603.63	90	28.929222	1991	0	1	0	0	0	1	0	1	0	1	2	6	3	3
888.66	47	18.90766	1893	0	1	0	0	0	1	0	0	0	0	4	1	1	2
997.84	54	18.478519	1893	0	1	0	0	0	1	0	0	0	0	4	1	2	2
349.57	30	11.652333	1893	1	0	1	0	0	1	0	0	0	0	7	1	1	1
1156.73	130	8.897923	1893	0	1	0	0	0	1	0	1	0	0	22	1	3	4
540	70	7.714286	1893	0	1	0	0	0	1	0	1	0	0	10	1	2	3
1307.77	64	20.433906	1989.5	0	1	0	0	0	1	0	1	0	0	3	6	2	2
1294.3	95	13.624211	1893	0	1	0	0	0	1	0	0	0	0	4	1	3	3
825.88	72	11.470556	1957	0	1	0	0	0	1	0	0	0	0	20	3	2	4
608.76	58	10.495862	1957	0	1	0	0	0	1	0	1	0	1	4	3	2	2
695.03	29	23.966552	1957	0	1	0	0	0	1	0	0	0	0	0	3	1	1
822.74	59	13.944746	1933.5	0	1	0	0	0	1	0	0	0	0	2	2	2	2
1239.17	61	20.314262	1957	0	1	0	0	0	1	0	0	0	0	4	3	2	3
1215.08	94	12.926383	1957	0	1	0	0	0	1	0	0	0	0	12	3	3	3
1276.97	120	10.641417	1957	0	0	0	0	0	1	0	1	0	0	31	3	3	5
421.53	72	5.854583	1957	0	1	0	0	0	0	0	1	0	0	33	3	2	3
1007.66	70	14.395143	1957	0	1	0	0	0	1	0	1	0	0	4	3	2	3
1057.76	89	11.884944	1971.5	0	1	0	0	0	0	0	1	0	0	26	4	3	4
1830.7	100	18.307	1971.5	0	1	0	0	0	0	0	1	0	0	11	4	3	5
1503.74	85	17.691059	1957	0	1	0	0	0	0	0	1	0	0	6	3	3	3
570.9	30	19.03	1971.5	0	1	0	0	0	0	0	1	0	0	1	4	1	1
845.29	64	13.207656	1933.5	0	1	0	0	0	1	0	1	0	0	10	2	2	2
868.28	69	12.583768	1957	0	1	0	0	0	0	0	1	0	0	32	3	2	3
285.14	59	4.832881	1957	0	0	0	0	0	0	0	0	0	0	24	3	2	2
272.06	46	5.914348	1957	0	0	1	0	0	0	0	0	0	0	1	3	1	2
740.57	50	14.8114	1957	0	0	0	0	0	0	0	0	0	0	18	3	1	2
700.31	51	13.731569	1957	0	0	0	0	0	0	0	0	0	0	20	3	2	2
543.46	37	14.688108	1933.5	1	0	0	0	0	0	0	0	0	0	1	2	1	1
413.05	76	5.434868	1893	0	0	0	0	0	0	0	1	0	0	43	1	2	3
813.83	50	16.2766	1893	0	1	0	0	0	0	0	1	0	0	1	1	1	2
1184.54	98	12.087143	1933.5	0	1	0	0	0	0	1	1	0	0	2	2	3	5
661.78	51	12.976078	1971.5	0	1	0	0	0	0	0	0	0	0	5	4	2	2
674.22	68	9.915	1971.5	0	1	0	0	0	0	0	0	0	0	21	4	2	3
594.77	63	9.440794	1971.5	0	1	0	0	0	0	0	0	0	0	6	4	2	2
674.42	72	9.366944	1971.5	0	1	0	0	0	0	0	0	0	0	22	4	2	2
723.5	70	10.335714	1957	0	1	0	0	0	1	0	0	0	0	33	3	2	3
637.71	86	7.415233	1957	0	1	0	0	0	1	0	0	0	0	6	3	3	3
329.34	34	9.686471	1957	0	1	0	0	0	1	0	0	0	0	14	3	1	2
877.43	64	13.709844	1987.5	0	1	0	0	0	1	0	0	0	0	4	6	2	2
950.3	48	19.797917	1957	0	1	0	0	0	0	1	0	0	0	2	3	1	1
447.26	28	15.973571	1957	0	1	0	0	0	0	1	0	0	0	4	3	1	1
467.81	118	3.964492	1893	0	0	0	0	0	0	0	0	0	0	4	1	3	4
437.54	60	7.292333	1893	0	0	1	0	0	0	1	0	0	0	53	1	2	3
716	82	8.731707	1893	0	1	0	0	0	0	1	1	0	0	1	1	3	3
366.21	35	10.463143	1893	0	0	0	0	0	0	1	0	0	0	11	1	1	1
461.08	68	6.780588	1897	1	0	0	0	0	0	1	0	0	0	2	1	2	3
564.11	56	10.073393	1893	0	1	0	0	0	0	1	1	0	0	8	1	2	3
555.44	40	13.886	1959	0	1	0	0	0	0	1	0	0	0	1	3	1	1
541.09	30	18.036333	1959	0	1	0	0	0	0	1	0	0	0	5	3	1	1
528.7	50	10.574	1893	0	0	0	0	0	0	0	0	0	0	7	1	1	3
619.72	108	5.738148	1893	0	0	1	0	0	0	0	0	0	0	24	1	3	5
429.96	128	3.359062	1893	0	1	0	0	0	0	1	0	0	0	6	1	3	6
680.29	67	10.153582	1957	0	1	0	0	0	0	0	1	0	0	8	3	2	3
905.85	66	13.725	1893	0	1	0	0	0	0	0	1	0	0	14	1	2	3
467.6	30	15.586667	1963	0	1	0	0	0	0	1	0	0	0	4	3	1	1
924.71	46	20.102391	1933.5	0	1	0	0	0	0	1	1	0	0	4	2	1	2
715.19	50	14.3038	1902	0	0	0	0	0	0	0	0	0	0	5	1	1	2
698.69	45	15.526444	1902	0	0	0	0	0	0	0	0	0	0	2	1	1	2
833.69	45	18.526444	1902	0	0	0	0	0	0	0	0	0	0	1	1	1	2
912	117	7.794872	1933.5	0	1	0	1	0	1	0	1	0	0	28	2	3	5
485.18	38	12.767895	1933.5	0	1	0	0	0	1	0	0	0	0	4	2	1	2
768.88	49	15.691429	1957	0	1	0	0	0	0	0	0	0	0	6	3	1	2
226	65	3.476923	1933.5	0	0	0	0	0	0	0	1	0	0	3	2	2	3
423.17	47	9.003617	1950	0	0	0	0	0	0	0	1	0	0	1	3	1	2
1097.75	108	10.164352	1933.5	0	0	0	1	0	1	0	0	0	0	22	2	3	5
1157.18	95	12.180842	1941	1	1	0	0	0	1	0	0	0	0	4	2	3	4
380.84	64	5.950625	1902	0	1	0	0	0	1	0	1	0	0	2	1	2	2
1250	150	8.333333	1927	0	0	0	0	0	1	0	1	0	0	9	2	3	4
595.11	60	9.9185	1893	0	0	1	0	0	0	0	0	0	0	6	1	2	3
1410	78	18.076923	1971.5	0	1	0	0	0	0	0	1	0	0	18	4	2	3
1144.87	75	15.264933	1971.5	0	1	0	0	0	0	0	1	0	0	2	4	2	3
1977.24	103	19.196505	1957	0	1	0	0	0	0	0	1	0	0	1	3	3	4
676.14	63	10.732381	1933.5	0	1	0	0	0	0	0	0	0	0	6	2	2	3
723.88	52	13.920769	1933.5	0	1	0	0	0	0	0	0	0	0	10	2	2	2
1486.56	84	17.697143	1971.5	0	1	0	0	0	0	0	1	0	1	3	4	3	3
737.55	40	18.43875	1957	0	0	0	0	0	0	0	0	0	0	2	3	1	2
996.43	54	18.452407	1957	0	1	0	0	0	0	0	1	0	0	6	3	2	2
1233.16	114	10.817193	1933.5	0	1	0	0	0	1	0	1	0	1	2	2	3	3
481.61	35	13.760286	1938	0	1	0	0	0	1	0	0	0	1	1	2	1	2
303.2	50	6.064	1957	0	1	0	0	0	1	0	0	0	0	37	3	1	2
1213	60	20.216667	1992	0	1	0	0	0	1	0	1	0	1	0	6	2	2
1733.83	90	19.264778	1893	0	1	0	0	0	1	0	1	0	0	2	1	3	2
3010.16	164	18.354634	1893	0	1	0	0	0	1	0	0	0	0	2	1	3	6
922.76	80	11.5345	1933.5	0	1	0	0	0	1	0	1	0	1	1	2	2	3
342.13	81	4.223827	1933.5	0	1	0	0	0	0	0	0	0	0	21	2	3	3
516.01	45	11.466889	1893	0	1	0	0	0	0	0	1	0	0	11	1	1	1
586.07	75	7.814267	1957	0	0	0	0	0	0	0	1	0	0	20	3	2	2
905.09	74	12.230946	1893	0	1	0	0	0	0	0	0	0	0	4	1	2	2
651.69	115	5.66687	1893	0	0	1	0	0	0	0	1	0	0	6	1	3	5
924.4	40	23.11	1893	0	1	0	0	0	0	0	0	0	0	2	1	1	2
885.53	72	12.299028	1933.5	0	1	0	0	0	0	0	1	0	1	0	2	2	2
600.88	76	7.906316	1893	0	0	1	0	0	0	0	0	0	0	33	1	2	3
573.32	76	7.543684	1893	0	0	1	0	0	0	0	0	0	0	44	1	2	3
1466.8	70	20.954286	1893	0	0	0	0	0	0	0	0	0	0	1	1	2	3
943.08	80	11.7885	1933.5	0	1	0	0	0	0	0	1	0	0	5	2	2	3
1014.84	62	16.368387	1957	0	1	0	0	0	0	0	1	0	0	10	3	2	2
563.8	56	10.067857	1957	0	1	0	0	0	0	0	1	0	0	9	3	2	2
1120.27	87	12.876667	1957	0	1	0	0	0	0	0	1	0	0	17	3	3	3
977.66	160	6.110375	1893	1	0	1	0	0	0	0	0	1	0	48	1	3	5
914.54	86	10.634186	1957	0	0	0	0	0	0	0	0	1	0	8	3	3	3
1100.7	62	17.753226	1957	0	1	0	0	0	0	0	1	0	0	2	3	2	2
539.4	60	8.99	1893	0	1	0	0	0	0	0	0	0	0	7	1	2	3
759.08	68	11.162941	1893	0	1	0	0	0	0	0	0	0	0	35	1	2	3
670.26	62	10.810645	1957	0	1	0	0	0	0	0	1	0	0	25	3	2	4
696.98	64	10.890312	1933.5	0	1	0	0	0	0	0	1	0	0	10	2	2	3
941.97	95	9.915474	1957	0	1	0	0	0	0	0	1	0	0	29	3	3	2
1668.67	90	18.540778	1957	0	1	0	0	0	0	0	1	0	0	11	3	3	3
757.54	33	22.955758	1957	0	1	0	0	0	0	0	0	0	1	1	3	1	1
456.17	80	5.702125	1893	0	0	0	0	0	0	0	1	0	0	17	1	2	4
763.3	85	8.98	1985	0	1	0	0	0	0	0	1	0	0	1	6	3	3
605.8	60	10.096667	1893	0	0	0	0	0	0	0	0	0	0	9	1	2	3
794.21	71	11.186056	1933.5	0	1	0	0	0	0	0	0	0	0	33	2	2	2
720.21	71	10.143803	1933.5	0	1	0	0	0	0	0	1	0	0	36	2	2	3
1346.83	80	16.835375	1957	0	1	0	0	0	1	0	1	0	0	7	3	2	2
576.51	35	16.471714	1893	1	1	0	0	0	0	0	0	0	0	4	1	1	2
771.35	81	9.52284	1893	0	0	1	0	0	0	0	0	0	0	3	1	3	3
1766.11	125	14.12888	1893	0	1	0	0	0	0	0	1	0	0	5	1	3	5
1302.4	141	9.236879	1893	0	1	0	0	0	0	0	1	0	0	14	1	3	4
867.2	80	10.84	1893	0	0	1	0	0	0	0	0	0	0	8	1	2	3
563.61	110	5.123727	1893	0	0	1	0	0	0	0	0	0	0	55	1	3	4
442.04	180	2.455778	1933.5	0	0	1	0	0	1	0	0	0	0	23	2	3	5
400.29	95	4.213579	1933.5	0	0	0	0	0	1	0	1	0	0	14	2	3	4
977.21	105	9.306762	1893	0	1	0	0	0	1	0	1	0	0	9	1	3	3
1050.1	70	15.001429	1893	0	0	0	0	0	1	0	1	0	1	3	1	2	2
811.83	47	17.272979	1893	0	0	0	0	0	1	0	1	0	0	4	1	1	2
365.08	58	6.294483	1893	0	0	0	0	0	0	0	0	0	0	25	1	2	2
649.45	69	9.412319	1957	0	1	0	0	0	1	0	0	0	0	31	3	2	3
1567.6	100	15.676	1957	0	1	0	0	0	1	0	1	0	0	2	3	3	5
764.29	63	12.131587	1957	0	1	0	0	0	1	0	0	0	0	30	3	2	2
608	67	9.074627	1971.5	0	1	0	0	0	0	0	1	0	0	25	4	2	3
628	78	8.051282	1971.5	0	1	0	0	0	0	0	1	0	0	7	4	2	3
481	58	8.293103	1971.5	0	1	0	0	0	0	0	1	0	0	25	4	2	2
475	29	16.37931	1972	0	1	0	0	0	0	0	1	1	0	3	4	1	2
728.03	78	9.333718	1971.5	0	1	0	0	0	0	0	1	1	0	23	4	2	3
533.45	69	7.731159	1967	0	1	0	0	0	0	0	1	1	0	0	4	2	3
762.02	78	9.769487	1971.5	0	1	0	0	0	0	0	1	1	0	5	4	2	3
478.92	68	7.042941	1957	0	1	0	0	0	0	0	1	1	0	2	3	2	2
433.8	48	9.0375	1969	0	1	0	0	0	0	0	1	1	0	3	4	1	2
740.28	68	10.886471	1969	0	1	0	0	0	0	0	1	0	0	3	4	2	2
417.3	36	11.591667	1972	0	1	0	0	0	0	0	0	0	0	3	4	1	2
556.67	36	15.463056	1972	0	1	0	0	0	0	0	1	0	0	1	4	1	2
472.05	35	13.487143	1972	0	1	0	0	0	0	0	1	0	0	5	4	1	2
413	37	11.162162	1971.5	0	1	0	0	0	0	0	1	0	0	20	4	1	1
597.38	64	9.334062	1968	0	1	0	0	0	0	0	1	0	0	2	4	2	2
861	65	13.246154	1971.5	0	1	0	0	0	0	0	1	0	0	23	4	2	2
608.17	49	12.411633	1969	0	1	0	0	0	0	0	1	1	0	3	4	1	2
818.14	68	12.031471	1957	0	1	0	0	0	0	0	1	0	0	2	3	2	3
587.86	52	11.305	1957	0	1	0	0	0	0	0	0	0	0	9	3	2	2
696.91	77	9.050779	1933.5	0	1	0	0	0	0	0	1	0	0	28	2	2	3
184.94	65	2.845231	1919	0	1	0	0	0	0	0	1	0	0	2	2	2	2
440.31	35	12.580286	1969	0	1	0	0	0	0	0	0	0	0	2	4	1	1
847.42	35	24.212	1969	0	1	0	0	0	0	0	1	0	1	4	4	1	1
469.5	32	14.671875	1969	0	1	0	0	0	0	0	1	0	0	11	4	1	1
499.97	32	15.624062	1971.5	0	1	0	0	0	0	0	1	0	0	8	4	1	1
744.66	48	15.51375	1963	0	1	0	0	0	0	0	1	0	0	0	3	1	2
231.4	60	3.856667	1957	0	1	0	0	0	0	0	0	0	0	29	3	2	3
526.26	75	7.0168	1971.5	0	1	0	0	0	0	0	0	0	0	11	4	2	3
1273.46	86	14.807674	1971.5	0	1	0	0	0	0	0	1	0	1	1	4	3	3
1693.35	150	11.289	1957	0	1	0	0	0	0	0	1	0	0	7	3	3	5
848.27	67	12.660746	1971.5	0	1	0	0	0	0	0	1	0	0	3	4	2	3
902.24	89	10.137528	1971.5	0	1	0	0	0	0	0	1	0	0	7	4	3	4
822.1	100	8.221	1971.5	0	1	0	0	0	0	0	1	0	0	6	4	3	4
1691.25	118	14.332627	1980.5	0	1	0	0	1	0	1	1	0	1	2	5	3	4
510.55	42	12.155952	1980.5	0	1	0	0	1	0	1	1	0	1	3	5	1	1
855	68	12.573529	1971.5	0	1	0	0	0	0	0	1	0	0	23	4	2	2
749.16	60	12.486	1971.5	0	1	0	0	0	0	0	1	0	0	23	4	2	2
677.28	55	12.314182	1971.5	0	1	0	0	0	0	0	1	0	1	7	4	2	2
2028.43	103	19.693495	1971.5	0	1	0	0	0	0	0	1	0	0	2	4	3	4
1500	77	19.480519	1971.5	0	1	0	0	0	0	0	1	0	0	2	4	2	3
650	67	9.701493	1971.5	0	1	0	0	0	0	0	1	0	1	1	4	2	2
1300	80	16.25	1957	0	1	0	0	0	0	0	1	0	0	1	3	2	4
489.72	80	6.1215	1971.5	0	1	0	0	1	0	0	1	0	0	15	4	2	3
363.18	64	5.674688	1957	0	1	0	0	0	0	0	1	0	0	21	3	2	3
764.69	73	10.475205	1957	0	1	0	0	0	1	0	0	0	0	22	3	2	3
764.69	73	10.475205	1957	0	1	0	0	0	1	0	0	0	0	17	3	2	3
895.82	74	12.105676	1957	0	1	0	0	0	1	0	1	0	0	15	3	2	3
831.35	65	12.79	1971.5	0	1	0	0	0	0	0	1	0	0	2	4	2	3
622.05	55	11.31	1971.5	0	1	0	0	0	0	0	1	0	0	26	4	2	3
607.35	56	10.845536	1893	0	0	0	0	0	1	0	1	0	1	6	1	2	3
394.23	140	2.815929	1957	0	1	0	0	0	1	0	1	0	0	27	3	3	5
576.95	75	7.692667	1971.5	0	0	0	0	0	1	0	1	0	0	13	4	2	3
1153.72	76	15.180526	1933.5	0	1	0	0	0	1	0	1	0	0	4	2	2	3
781.2	70	11.16	1971.5	0	1	0	0	0	1	0	0	0	0	1	4	2	3
1566.48	95	16.489263	1980.5	0	1	0	0	0	1	0	1	0	0	7	5	3	4
1600.33	95	16.845579	1980.5	0	1	0	0	0	1	0	1	0	0	14	5	3	4
1370.88	88	15.578182	1957	0	1	0	0	0	1	0	1	0	0	5	3	3	3
758.86	65	11.674769	1985	0	1	0	0	0	0	0	1	0	0	2	6	2	3
669.15	84	7.966071	1971.5	0	1	0	0	0	1	0	1	0	0	5	4	3	4
797.52	46	17.337391	1966	0	1	0	0	0	0	0	1	0	0	3	4	1	2
494.18	26	19.006923	1966	0	1	0	0	0	0	0	1	0	0	16	4	1	1
664.9	68	9.777941	1957	0	1	0	0	0	0	0	1	0	0	28	3	2	3
382.8	30	12.76	1964	0	1	0	0	0	0	0	0	0	0	2	3	1	1
604.11	67	9.016567	1957	0	1	0	0	0	0	0	1	0	0	30	3	2	3
532.3	73	7.291781	1957	0	1	0	0	0	0	0	1	0	0	2	3	2	3
409.13	61	6.707049	1918	0	0	0	0	0	0	0	1	0	0	5	1	2	2
898.47	80	11.230875	1967	0	1	0	0	0	0	0	1	0	0	11	4	2	3
437.07	80	5.463375	1971.5	0	1	0	0	0	0	0	1	0	0	15	4	2	3
333.29	80	4.166125	1971.5	0	1	0	0	0	0	0	1	0	0	13	4	2	3
506.11	42	12.050238	1971.5	0	1	0	0	1	0	1	1	0	0	20	4	1	1
809.74	60	13.495667	1971.5	0	1	0	0	1	0	1	1	0	0	6	4	2	2
621.46	80	7.76825	1893	0	1	0	0	0	0	1	1	0	0	6	1	2	3
474.27	44	10.778864	1971.5	0	1	0	0	0	0	0	1	0	0	13	4	1	2
1142.69	87	13.134368	1971.5	0	1	0	0	0	0	0	1	0	0	4	4	3	4
863.09	87	9.920575	1971.5	0	1	0	0	0	0	0	1	0	0	21	4	3	3
558.74	60	9.312333	1957	0	1	0	0	0	0	0	1	0	0	17	3	2	2
881.36	53	16.629434	1957	0	1	0	0	0	0	0	1	0	0	8	3	2	2
551.2	110	5.010909	1893	0	1	0	0	0	0	0	1	0	0	32	1	3	5
712.32	50	14.2464	1957	0	1	0	0	0	0	0	1	0	0	28	3	1	2
752.22	78	9.643846	1957	0	1	0	0	0	0	0	0	0	0	7	3	2	3
445.9	52	8.575	1957	0	1	0	0	0	1	0	0	0	0	6	3	2	2
650.59	52	12.511346	1957	0	0	0	0	0	1	0	0	0	0	6	3	2	2
625.47	52	12.028269	1957	0	1	0	0	0	1	0	1	0	0	5	3	2	2
957.42	70	13.677429	1971.5	0	1	0	0	0	0	0	1	0	1	9	4	2	2
600.84	32	18.77625	1971.5	0	1	0	0	0	0	0	1	0	0	11	4	1	1
370.12	82	4.513659	1893	0	0	1	0	0	0	0	0	0	0	29	1	3	3
283.32	60	4.722	1893	1	0	1	0	0	0	0	0	0	0	13	1	2	2
1834.9	88	20.851136	1989.5	0	1	0	0	0	1	0	1	0	0	3	6	3	4
897.55	65	13.808462	1950	0	1	0	0	0	1	0	1	0	1	3	3	2	3
1820.2	92	19.784783	1971.5	0	1	0	0	0	1	0	1	0	0	2	4	3	3
1159.75	92	12.605978	1957	0	1	0	0	0	1	0	1	1	0	18	3	3	3
690.37	69	10.005362	1957	0	1	0	0	0	0	0	0	0	0	18	3	2	3
619.76	46	13.473043	1957	0	1	0	0	0	0	0	0	0	0	3	3	1	2
524.04	55	9.528	1898	0	1	0	0	0	0	0	0	0	0	3	1	2	2
479.04	35	13.686857	1898	0	1	0	0	0	0	0	0	0	0	1	1	1	1
323.03	113	2.858673	1970	0	1	0	0	0	0	0	0	0	0	4	4	3	4
748.85	45	16.641111	1970	0	1	0	0	0	0	0	0	0	0	5	4	1	1
377.94	56	6.748929	1951	0	1	0	0	0	0	0	1	0	0	2	3	2	2
1009.18	55	18.348727	1980.5	0	1	0	0	0	0	0	1	0	0	9	5	2	2
1130	55	20.545455	1980.5	0	1	0	0	0	0	0	1	0	0	1	5	2	2
925.1	55	16.82	1980.5	0	1	0	0	0	0	0	1	0	0	6	5	2	2
989.44	55	17.989818	1980.5	0	1	0	0	0	0	0	1	0	0	1	5	2	2
1169.07	75	15.5876	1956	0	1	0	0	0	0	0	1	0	0	0	3	2	3
535.81	110	4.871	1957	0	1	0	0	0	0	0	1	0	0	9	3	3	5
591.25	27	21.898148	1957	0	1	0	0	0	0	0	0	0	0	2	3	1	1
1152.1	50	23.042	1957	0	1	0	0	0	0	0	0	0	0	3	3	1	2
783.56	58	13.509655	1985	0	1	0	0	0	0	0	1	0	0	2	6	2	2
335.56	39	8.604103	1957	0	1	0	0	0	0	0	1	0	0	30	3	1	1
1241.67	65	19.102615	1959	0	1	0	0	0	0	0	1	0	1	12	3	2	3
892.04	56	15.929286	1971.5	0	1	0	0	0	0	0	0	0	0	1	4	2	2
939.92	63	14.919365	1971.5	0	1	0	0	0	0	0	1	0	0	1	4	2	2
1180.04	82	14.390732	1980.5	0	1	0	0	0	0	0	1	0	0	2	5	3	3
663.81	53	12.524717	1971.5	0	1	0	0	0	0	0	1	0	0	22	4	2	2
713.24	90	7.924889	1957	0	1	0	0	0	0	0	1	0	0	11	3	3	3
581.33	50	11.6266	1971.5	0	1	0	0	0	0	0	1	0	0	14	4	1	2
1390.37	100	13.9037	1957	0	1	0	0	0	0	0	1	0	1	2	3	3	3
1287.08	110	11.700727	1971.5	0	1	0	0	0	0	0	1	0	1	9	4	3	3
970	61	15.901639	1957	0	1	0	0	0	0	0	1	0	1	0	3	2	3
1320	64	20.625	1985	0	1	0	0	0	0	0	1	0	0	6	6	2	2
1120.05	95	11.79	1971.5	0	1	0	0	0	1	0	0	0	0	20	4	3	3
1599.57	106	15.090283	1980.5	0	1	0	0	0	0	0	0	0	0	3	5	3	3
365.84	87	4.205057	1957	0	1	0	0	0	1	0	1	0	0	2	3	3	4
599.99	87	6.896437	1957	0	1	0	0	0	1	0	1	0	0	6	3	3	4
653.27	54	12.097593	1980.5	0	1	0	0	0	1	0	1	0	0	9	5	2	1
537.16	60	8.952667	1979	0	1	0	0	0	1	0	0	0	0	4	5	2	2
583	46	12.673913	1980.5	0	1	0	0	0	1	0	1	0	0	13	5	1	1
739.91	90	8.221222	1933.5	0	1	0	0	0	1	0	1	0	0	28	2	3	4
508.6	30	16.953333	1957	0	1	0	0	0	1	0	1	0	0	3	3	1	1
953.45	65	14.668462	1984	0	1	0	0	0	1	0	0	0	0	2	6	2	3
858.98	35	24.542286	1971.5	0	1	0	0	0	1	0	0	0	0	3	4	1	2
1351.93	104	12.999327	1970	0	1	0	0	0	1	0	0	0	0	2	4	3	4
570	70	8.142857	1957	0	1	0	0	0	1	0	0	0	0	3	3	2	3
483.16	52	9.291538	1965	0	1	0	0	0	1	0	0	0	0	18	3	2	2
1334.66	85	15.701882	1980	0	1	0	0	0	1	0	1	0	0	9	5	3	3
405.92	46	8.824348	1957	0	1	0	0	0	0	0	0	0	0	24	3	1	2
662.87	45	14.730444	1933.5	0	1	0	0	0	1	0	1	0	0	15	2	1	2
335.8	38	8.836842	1954	1	1	0	0	0	0	0	0	0	0	2	3	1	1
1240.25	90	13.780556	1980.5	0	1	0	0	0	1	0	1	0	0	11	5	3	3
1220	82	14.878049	1980.5	0	1	0	0	0	1	0	0	0	0	6	5	3	3
1756.78	110	15.970727	1983	0	1	0	0	0	0	1	1	0	0	6	5	3	4
424.2	29	14.627586	1957	0	1	0	0	1	0	1	1	0	0	21	3	1	1
158	29	5.448276	1957	0	1	0	0	1	0	1	0	0	0	17	3	1	1
307.43	80	3.842875	1893	0	0	0	0	0	0	1	1	0	0	60	1	2	3
515.1	76	6.777632	1971.5	0	1	0	0	0	0	1	1	0	0	21	4	2	3
510.92	76	6.722632	1971.5	0	1	0	0	0	0	1	1	0	0	21	4	2	3
761.31	72	10.57375	1957	0	1	0	0	1	0	1	0	0	0	8	3	2	3
697.57	60	11.626167	1957	0	1	0	0	1	0	1	0	0	0	31	3	2	3
550.05	60	9.1675	1960	0	1	0	0	1	0	1	0	0	0	13	3	2	3
322.83	48	6.725625	1893	0	1	0	0	0	1	0	0	0	0	5	1	1	2
771.22	54	14.281852	1971.5	0	1	0	0	0	0	0	1	0	0	17	4	2	2
1084.08	65	16.678154	1956	0	1	0	0	0	0	0	1	0	0	7	3	2	3
821	80	10.2625	1957	0	0	1	0	0	0	0	0	0	0	21	3	2	3
824.28	67	12.302687	1957	0	1	0	0	0	0	0	0	0	0	11	3	2	3
686.93	82	8.377195	1957	0	1	0	0	0	0	0	0	0	0	24	3	3	3
726.73	76	9.562237	1933.5	0	1	0	0	0	0	1	1	0	0	32	2	2	2
409	24	17.041667	1966	0	1	0	0	0	0	1	0	0	0	3	4	1	1
1120	51	21.960784	1985	0	1	0	0	0	0	0	1	0	0	0	6	2	2
944.55	51	18.520588	1985	0	1	0	0	0	0	0	1	0	1	7	6	2	2
979.88	60	16.331333	1957	0	1	0	0	0	0	0	1	0	0	1	3	2	2
750	70	10.714286	1971.5	0	1	0	0	0	0	0	1	0	0	20	4	2	3
647.8	96	6.747917	1957	0	1	0	0	0	0	0	1	0	0	11	3	3	5
1370.97	83	16.517711	1957	0	1	0	0	0	0	0	1	0	0	3	3	3	4
544.15	32	17.004688	1957	0	1	0	0	0	0	0	1	0	0	1	3	1	1
523.76	56	9.352857	1971.5	0	1	0	0	0	0	0	1	0	0	21	4	2	2
671.22	76	8.831842	1971.5	0	1	0	0	0	1	0	0	0	0	19	4	2	3
1087.13	100	10.8713	1933.5	0	1	0	0	0	1	0	1	0	0	20	2	3	4
431.41	28	15.4075	1971.5	0	1	0	0	0	0	0	1	0	0	7	4	1	1
858.5	47	18.265957	1971.5	0	1	0	0	0	0	0	1	0	0	19	4	1	2
688	75	9.173333	1957	0	1	0	0	0	1	0	0	0	0	15	3	2	3
895.21	70	12.788714	1957	0	0	1	0	0	1	0	0	0	0	22	3	2	3
467.88	44	10.633636	1933.5	1	0	1	0	0	1	0	0	0	0	40	2	1	2
1130.84	55	20.560727	1967	0	1	0	0	0	1	0	1	0	0	1	4	2	2
558.3	30	18.61	1967	1	1	0	0	0	1	0	0	0	0	9	4	1	1
1600	106	15.09434	1893	0	1	0	0	0	1	0	0	0	0	26	1	3	3
567	75	7.56	1975	0	1	0	0	0	1	0	1	0	0	3	4	2	3
560.14	81	6.915309	1980.5	0	1	0	0	0	1	0	1	0	0	14	5	3	4
714.45	56	12.758036	1940	0	1	0	0	0	1	0	1	0	0	3	2	2	2
472.9	56	8.444643	1933.5	0	0	1	0	0	1	0	0	0	0	52	2	2	2
364.94	54	6.758148	1933.5	0	0	1	0	0	1	0	0	0	0	35	2	2	2
611.17	103	5.933689	1971.5	0	1	0	0	0	0	0	0	0	0	4	4	3	4
560.2	108	5.187037	1968	0	1	0	0	0	0	0	1	0	0	7	4	3	6
868.76	104	8.353462	1971.5	0	1	0	0	0	0	0	1	0	0	19	4	3	6
670	74	9.054054	1971.5	0	1	0	0	0	0	0	0	0	0	5	4	2	3
668.47	60	11.141167	1957	0	1	0	0	0	1	0	0	0	0	21	3	2	3
1195.46	60	19.924333	1968	0	1	0	0	0	1	0	1	0	0	8	4	2	2
471.77	34	13.875588	1957	0	1	0	0	0	1	0	0	0	0	34	3	1	1
936.08	60	15.601333	1958	0	1	0	0	0	1	0	0	0	0	8	3	2	2
874.2	62	14.1	1958	0	1	0	0	0	1	0	1	0	0	3	3	2	2
971.17	65	14.941077	1957	0	1	0	0	0	1	0	0	0	0	34	3	2	2
1247.88	78	15.998462	1937	0	1	0	0	0	1	0	0	0	0	2	2	2	3
1438.06	80	17.97575	1939	0	1	0	0	0	1	0	1	0	0	5	2	2	3
1291.08	103	12.534757	1980.5	0	1	0	0	0	1	0	1	0	0	3	5	3	4
481.51	31	15.532581	1964	0	1	0	0	0	1	0	0	0	0	2	3	1	1
523.4	29	18.048276	1964	0	1	0	0	0	1	0	0	0	0	1	3	1	1
775.24	41	18.908293	1964	0	1	0	0	0	1	0	0	0	0	0	3	1	1
860.65	54	15.937963	1980.5	0	1	0	0	0	1	0	1	0	0	13	5	2	2
1242.34	72	17.254722	1980.5	0	1	0	0	0	1	0	1	0	0	5	5	2	3
1481.62	55	26.938545	1980.5	0	1	0	0	0	1	0	0	0	1	1	5	2	2
1262.31	72	17.532083	1980.5	0	1	0	0	0	1	0	1	0	0	4	5	2	3
2028.64	80	25.358	1992	0	1	0	0	0	1	0	1	0	0	1	6	2	3
1490.88	92	16.205217	1957	0	1	0	0	0	1	0	1	0	0	13	3	3	4
754	74	10.189189	1957	0	1	0	0	0	0	0	0	1	0	19	3	2	3
754.9	85	8.881176	1893	1	0	0	0	0	0	0	0	0	0	19	1	3	3
714.5	125	5.716	1893	0	1	0	0	0	1	0	1	0	0	20	1	3	4
977.46	58	16.852759	1980.5	0	0	0	0	0	0	0	1	0	0	7	5	2	2
1104.17	67	16.480149	1980.5	0	1	0	0	0	0	0	1	0	0	3	5	2	2
566	62	9.129032	1893	0	1	0	0	0	0	0	0	0	0	18	1	2	2
1308.29	67	19.526716	1985	0	1	0	0	0	0	0	1	0	0	8	6	2	2
950	118	8.050847	1933.5	0	1	0	0	0	0	0	0	0	0	19	2	3	5
981	124	7.91129	1933.5	0	1	0	0	0	0	0	1	0	0	21	2	3	4
1570	98	16.020408	1893	0	0	0	0	0	0	0	1	1	0	1	1	3	3
689.08	90	7.656444	1893	0	0	0	0	0	0	0	0	0	0	16	1	3	3
1380	68	20.294118	1888	0	1	0	0	0	0	0	1	0	0	1	1	2	3
1400	50	28	1893	0	1	0	0	0	0	0	1	1	0	0	1	1	3
1555.12	180	8.639556	1893	0	0	0	0	0	0	0	0	0	0	3	1	3	7
734.4	70	10.491429	1949	0	1	1	0	0	0	0	1	0	0	2	3	2	3
1002.06	65	15.416308	1933.5	0	0	0	0	0	0	0	0	0	1	3	2	2	3
1883.99	130	14.492231	1952	0	1	0	1	0	1	0	1	0	1	3	3	3	3
1650	70	23.571429	1949	0	1	0	0	0	0	0	1	0	1	0	3	2	3
350.76	42	8.351429	1957	0	1	0	0	0	0	0	1	0	0	28	3	1	2
723.51	45	16.078	1957	0	1	0	0	0	0	0	0	0	0	2	3	1	2
1899.67	145	13.101172	1893	0	1	0	0	0	0	0	1	0	0	3	1	3	6
203.12	76	2.672632	1893	1	0	1	0	0	0	0	0	0	0	7	1	2	3
1270	61	20.819672	1919	0	0	0	0	0	0	0	0	0	0	1	2	2	2
1716	196	8.755102	1933.5	0	1	0	0	0	0	0	1	0	0	6	2	3	9
607.74	53	11.466792	1957	0	1	0	0	0	0	0	0	0	0	20	3	2	2
1054.84	90	11.720444	1893	0	1	0	0	0	0	0	1	0	0	1	1	3	3
908.82	107	8.493645	1933.5	0	1	0	0	0	0	0	0	0	0	11	2	3	4
771.72	105	7.349714	1893	0	0	1	0	0	0	0	0	0	0	31	1	3	4
757.6	43	17.618605	1961	0	1	0	0	0	1	0	0	0	1	20	3	1	2
1183.72	48	24.660833	1893	0	1	0	0	0	0	0	0	0	1	2	1	1	1
966	35	27.6	1980.5	0	1	0	1	0	1	0	1	0	1	1	5	1	1
3130	200	15.65	1933.5	0	1	0	1	0	1	0	1	0	0	6	2	3	6
359	26	13.807692	1933.5	0	1	0	1	0	1	0	0	0	0	5	2	1	1
1018.3	85	11.98	1919	0	1	0	0	0	0	0	1	0	1	2	2	3	3
441.52	95	4.647579	1875	0	0	0	0	0	0	0	0	0	0	19	1	3	3
226.74	48	4.72375	1893	1	0	1	0	0	0	0	0	0	0	7	1	1	2
1243.96	51	24.391373	1962	0	1	0	0	0	0	0	1	0	0	3	3	2	2
2250	87	25.862069	1893	0	1	0	0	0	0	0	1	0	0	3	1	3	3
1730.88	79	21.909873	1898	0	1	0	0	0	0	0	1	0	1	2	1	2	3
470	75	6.266667	1893	1	0	1	0	0	0	0	0	0	0	2	1	2	3
686.4	160	4.29	1893	0	0	1	0	0	0	0	0	0	0	10	1	3	6
665.76	89	7.480449	1957	0	1	0	0	0	1	0	1	0	0	9	3	3	4
1047.46	100	10.4746	1957	0	0	0	0	0	1	0	0	0	0	5	3	3	4
1058.58	100	10.5858	1985	0	1	0	0	0	0	0	1	0	0	5	6	3	4
681.4	76	8.965789	1971.5	0	1	0	0	0	0	0	1	0	0	12	4	2	3
1613.98	120	13.449833	1971.5	0	1	0	0	0	0	0	1	0	1	10	4	3	4
1755.24	75	23.4032	1893	0	1	0	0	0	0	0	1	0	0	3	1	2	2
424.97	58	7.327069	1893	0	0	0	0	0	0	0	0	0	0	59	1	2	3
1155.49	80	14.443625	1957	0	1	0	0	0	0	0	1	0	0	2	3	2	3
631.16	75	8.415467	1957	0	0	0	0	0	0	0	0	0	0	41	3	2	3
521.82	72	7.2475	1909	0	1	0	0	0	0	0	1	0	0	1	1	2	2
476.94	80	5.96175	1893	0	1	0	0	0	0	0	1	0	0	48	1	2	3
365.66	60	6.094333	1893	0	1	0	0	0	0	0	1	0	0	1	1	2	2
468.16	85	5.507765	1905	0	0	0	0	0	0	0	0	0	0	3	1	3	3
426.5	52	8.201923	1893	0	0	0	0	0	0	0	1	0	0	32	1	2	2
423.3	95	4.455789	1893	0	0	0	0	0	0	0	0	0	0	24	1	3	3
749.6	80	9.37	1919	0	1	0	0	0	0	0	1	0	0	9	2	2	2
529.31	40	13.23275	1893	0	1	0	0	0	0	0	0	0	0	6	1	1	1
1094.87	66	16.588939	1983	0	1	0	0	0	0	0	1	0	0	6	5	2	2
1194.35	77	15.511039	1957	0	1	0	0	0	0	0	0	0	0	2	3	2	3
537.35	52	10.333654	1957	0	1	0	0	0	0	0	1	0	0	14	3	2	2
413.66	49	8.442041	1957	0	1	0	0	0	0	0	1	0	0	5	3	1	2
584.87	90	6.498556	1991	0	1	0	0	0	0	0	1	0	0	2	6	3	3
572.45	75	7.632667	1991	0	1	0	0	0	0	0	1	0	0	2	6	2	3
730.88	82	8.913171	1957	0	1	0	0	0	0	0	1	0	0	3	3	3	3
770.88	98	7.866122	1893	0	0	0	0	0	0	0	0	0	0	11	1	3	4
851.88	57	14.945263	1893	0	1	0	0	0	0	0	1	0	0	4	1	2	2
579.32	94	6.162979	1893	0	0	0	0	0	0	0	0	0	0	9	1	3	3
754.56	98	7.699592	1893	0	0	0	0	0	0	0	0	0	0	12	1	3	4
454.19	126	3.604683	1893	0	0	0	0	0	0	0	0	0	0	72	1	3	4
714.77	38	18.809737	1893	0	0	0	0	0	0	0	1	0	0	2	1	1	1
660	50	13.2	1893	0	0	0	0	0	0	0	0	0	0	9	1	1	2
853.8	110	7.761818	1893	0	0	0	0	0	0	0	0	0	0	18	1	3	5
665.2	60	11.086667	1893	1	0	0	0	0	0	0	0	0	0	1	1	2	3
1070	93	11.505376	1893	0	1	0	0	0	0	0	0	0	0	5	1	3	4
695.55	80	8.694375	1893	1	0	0	0	0	0	0	0	0	0	29	1	2	3
710.6	90	7.895556	1893	0	0	0	0	0	0	0	1	0	0	6	1	3	3
515.84	86	5.99814	1893	0	0	0	0	0	0	0	1	0	0	3	1	3	4
591.29	57	10.373509	1971.5	0	1	0	0	0	0	0	1	1	0	26	4	2	2
1351.86	62	21.804194	1980.5	0	1	0	0	0	0	0	1	0	0	3	5	2	2
225.74	79	2.857468	1896	0	0	0	0	0	0	0	0	0	0	6	1	2	3
458.12	60	7.635333	1896	0	0	0	0	0	0	0	0	1	0	2	1	2	2
795.63	61	13.043115	1957	0	1	0	0	0	0	0	1	0	0	11	3	2	3
1206.27	60	20.1045	1957	0	1	0	0	0	0	0	1	0	0	2	3	2	3
1132.36	88	12.867727	1957	0	1	0	0	0	0	0	1	0	0	21	3	3	4
650	44	14.772727	1957	0	1	0	0	0	0	0	0	0	0	3	3	1	2
544.29	44	12.370227	1957	0	1	0	0	0	0	0	1	0	1	3	3	1	2
507.06	27	18.78	1957	0	1	0	0	0	0	0	1	1	0	2	3	1	1
576.34	23	25.058261	1957	0	1	0	0	0	0	0	1	1	0	3	3	1	1
929.52	75	12.3936	1933.5	0	1	0	0	0	0	0	1	0	0	8	2	2	3
633.19	103	6.147476	1957	0	0	0	0	0	0	0	0	0	0	21	3	3	4
539.06	106	5.085472	1957	0	1	0	0	0	0	0	0	0	0	34	3	3	3
444.02	98	4.530816	1893	0	0	1	0	0	0	1	0	0	0	25	1	3	4
758.71	42	18.064524	1893	0	1	0	0	0	0	1	1	0	0	0	1	1	1
364.17	95	3.833368	1893	0	0	1	0	0	0	1	0	1	0	25	1	3	3
825.78	73	11.312055	1893	0	1	0	0	0	0	1	0	0	0	2	1	2	3
837.9	35	23.94	1860	0	1	0	0	0	0	0	1	0	0	3	1	1	2
845.88	24	35.245	1893	0	1	0	0	0	0	0	1	0	0	5	1	1	1
987.1	58	17.018966	1980.5	0	1	0	0	0	0	0	1	1	0	4	5	2	2
1274.05	60	21.234167	1980.5	0	1	0	0	0	0	0	1	1	0	1	5	2	2
1123.78	70	16.054	1893	0	1	0	0	0	0	1	1	0	0	5	1	2	2
1026.86	86	11.940233	1893	0	1	0	0	0	0	1	1	0	0	3	1	3	2
1330.66	88	15.121136	1985	0	1	0	0	0	0	1	1	0	0	6	6	3	3
172	39	4.410256	1957	0	0	1	0	0	0	1	0	0	0	16	3	1	1
515.95	59	8.744915	1957	0	0	0	0	0	0	1	0	1	0	10	3	2	2
426.91	50	8.5382	1957	0	0	1	0	0	0	1	0	0	0	40	3	1	2
284.72	66	4.313939	1893	0	0	1	0	0	0	0	0	0	0	22	1	2	3
613.34	35	17.524	1967	0	1	0	0	0	0	0	1	0	0	6	4	1	1
817.18	58	14.08931	1957	0	1	0	0	0	0	1	0	0	0	16	3	2	2
999.48	75	13.3264	1957	0	1	0	1	0	1	0	0	0	1	19	3	2	2
618.58	54	11.455185	1971.5	0	1	0	0	0	0	0	1	0	0	19	4	2	2
413	20	20.65	1957	0	1	0	0	0	0	0	0	0	0	0	3	1	1
598.69	48	12.472708	1933.5	0	1	0	0	0	0	1	1	0	0	1	2	1	2
972.48	63	15.43619	1957	0	1	0	0	0	0	0	0	0	0	2	3	2	3
747.32	72	10.379444	1893	0	1	0	0	0	1	0	1	0	0	3	1	2	3
346.61	130	2.666231	1893	0	1	0	0	0	1	0	1	0	0	3	1	3	5
490.13	110	4.455727	1893	0	1	0	0	0	1	0	1	0	0	3	1	3	5
787.31	73	10.785068	1957	0	1	0	0	0	1	0	1	0	0	2	3	2	3
556.25	58	9.590517	1919	0	1	0	0	0	1	0	1	0	0	2	2	2	2
1658.94	146	11.362603	1893	0	1	0	0	0	1	0	0	0	0	8	1	3	6
1641.85	145	11.323103	1893	0	1	0	0	0	1	0	1	0	0	8	1	3	5
1545.48	85	18.182118	1893	0	1	0	0	0	1	0	1	0	0	5	1	3	4
1229.64	92	13.365652	1893	0	1	0	0	0	1	0	1	0	0	3	1	3	3
1378.82	90	15.320222	1893	0	1	0	0	0	1	0	1	0	0	3	1	3	3
586.93	30	19.564333	1957	0	1	0	0	0	0	0	1	0	1	1	3	1	1
573.55	36	15.931944	1957	0	1	0	0	0	0	0	1	0	0	2	3	1	1
985.33	53	18.591132	1957	0	1	0	0	0	0	0	1	0	0	3	3	2	3
735.82	98	7.508367	1957	0	1	0	0	0	0	0	1	0	0	3	3	3	3
584.17	45	12.981556	1957	0	1	0	0	0	0	0	0	0	0	1	3	1	2
821.84	50	16.4368	1957	0	0	0	0	0	0	0	1	0	0	1	3	1	2
629.67	70	8.995286	1919	0	0	0	0	0	0	0	1	0	0	2	2	2	3
802.69	36	22.296944	1957	0	1	0	0	0	1	0	1	0	1	5	3	1	2
853.94	94	9.084468	1957	0	1	0	0	0	0	0	1	0	0	40	3	3	3
1040.02	100	10.4002	1919	0	1	0	0	0	0	0	1	0	0	9	2	3	3
516.41	89	5.80236	1893	0	0	0	0	0	0	0	0	1	0	20	1	3	3
393.6	80	4.92	1893	0	0	1	0	0	0	1	0	0	0	22	1	2	3
1091.1	120	9.0925	1800	0	0	0	0	0	0	0	0	0	0	8	1	3	6
586.19	34	17.240882	1957	0	1	0	0	0	0	0	0	0	0	21	3	1	1
584.7	34	17.197059	1962	0	1	0	0	0	0	0	1	0	0	1	3	1	1
1546.44	138	11.206087	1933.5	0	1	0	0	0	1	0	1	0	0	0	2	3	4
1393.51	160	8.709438	1933.5	0	1	0	0	0	1	0	1	0	0	25	2	3	5
900	74	12.162162	1957	0	1	0	0	0	1	0	1	0	0	30	3	2	3
1030.45	74	13.925	1957	0	1	0	0	0	1	0	1	0	0	36	3	2	3
1314.5	90	14.605556	1893	0	0	0	0	0	1	0	1	1	0	0	1	3	2
632.89	55	11.507091	1893	0	0	0	0	0	1	0	1	0	0	8	1	2	2
2764.53	120	23.03775	1933.5	0	1	0	0	0	1	0	1	0	0	2	2	3	4
506.38	56	9.0425	1957	0	1	0	0	0	1	0	0	0	0	35	3	2	2
602.25	55	10.95	1957	0	1	0	0	0	1	0	0	0	0	14	3	2	2
356	33	10.787879	1957	0	1	0	0	0	1	0	0	0	0	35	3	1	1
754.79	80	9.434875	1957	0	1	0	0	0	1	0	0	0	0	15	3	2	3
835	70	11.928571	1971.5	0	1	0	0	0	1	0	1	0	0	18	4	2	3
1004.63	60	16.743833	1971.5	0	1	0	0	0	1	0	1	0	1	8	4	2	2
639.39	76	8.413026	1939	0	1	0	0	0	1	0	0	0	0	4	2	2	3
1115.92	60	18.598667	1933.5	0	1	0	0	0	1	0	1	0	0	2	2	2	3
1566.15	74	21.164189	1933.5	0	1	0	0	0	1	0	1	0	0	2	2	2	3
232.04	57	4.070877	1933.5	0	1	0	0	0	1	0	1	0	0	15	2	2	2
223.68	42	5.325714	1957	0	1	0	0	0	1	0	0	0	0	44	3	1	2
1229	93	13.215054	1985	0	1	0	0	0	0	1	1	0	1	7	6	3	3
596.17	48	12.420208	1933.5	0	1	0	0	0	1	0	1	0	0	1	2	1	2
2266.88	130	17.437538	1933.5	0	1	0	0	0	1	0	0	0	0	17	2	3	4
351.36	54	6.506667	1987.5	0	1	0	0	0	1	0	0	0	1	3	6	2	2
776	59	13.152542	1957	0	1	0	0	0	1	0	0	0	0	34	3	2	2
721.26	80	9.01575	1893	0	1	0	0	0	1	0	0	0	0	43	1	2	3
1091.2	114	9.57193	1893	0	1	0	0	0	1	0	1	0	1	24	1	3	4
1090.95	63	17.316667	1957	0	1	0	0	0	1	0	0	0	0	18	3	2	2
601.02	53	11.34	1957	0	1	0	0	0	0	0	1	0	0	6	3	2	2
592.69	45	13.170889	1957	0	1	0	0	0	0	0	1	0	0	12	3	1	2
892	45	19.822222	1971.5	0	1	0	0	0	0	0	1	0	0	1	4	1	2
900	33	27.272727	1985	0	1	0	0	0	1	0	1	0	0	4	6	1	1
437.5	34	12.867647	1896	0	1	0	0	0	0	0	0	0	0	3	1	1	1
800	70	11.428571	1929	0	1	0	0	0	0	0	1	0	0	6	2	2	3
973.84	112	8.695	1957	0	1	0	0	0	1	0	0	0	0	8	3	3	4
1245.15	87	14.312069	1980	0	1	0	0	0	1	0	1	0	0	11	5	3	3
1165.25	92	12.665761	1957	0	1	0	0	0	0	0	1	0	0	3	3	3	4
398	67	5.940299	1957	0	1	0	0	0	0	0	0	0	0	30	3	2	3
364.36	67	5.438209	1957	0	1	0	0	0	0	0	0	0	0	30	3	2	3
820.58	60	13.676333	1959	0	1	0	0	0	0	0	1	0	0	7	3	2	2
687.6	74	9.291892	1933.5	0	1	0	0	0	0	0	1	0	0	17	2	2	3
543.91	62	8.772742	1957	0	1	0	0	0	0	0	1	0	0	27	3	2	2
985	60	16.416667	1973	0	1	0	0	0	0	0	1	0	1	2	4	2	2
771.07	56	13.769107	1980.5	0	1	0	0	0	0	0	1	0	0	3	5	2	2
870.24	56	15.54	1980.5	0	1	0	0	0	0	0	1	0	0	3	5	2	2
960	58	16.551724	1957	0	1	0	0	0	0	0	0	0	0	1	3	2	2
990	52	19.038462	1966	0	1	0	0	0	0	0	0	0	0	0	4	2	2
355	49	7.244898	1980.5	0	1	0	0	1	0	1	1	0	0	1	5	1	2
980	77	12.727273	1980.5	0	1	0	0	1	0	1	1	0	0	5	5	2	4
573	67	8.552239	1980.5	0	1	0	0	1	0	1	1	0	0	6	5	2	3
599.82	67	8.952537	1980.5	0	1	0	0	1	0	1	1	0	0	5	5	2	3
485.89	78	6.229359	1980.5	0	1	0	0	1	0	1	1	0	0	6	5	2	3
505	65	7.769231	1980.5	0	1	0	0	1	0	1	1	1	0	1	5	2	3
130.7	49	2.667347	1957	0	1	0	0	0	0	1	1	1	0	2	3	1	2
778	75	10.373333	1985	0	1	0	0	1	0	1	1	0	0	3	6	2	3
1241	110	11.281818	1971.5	0	1	0	0	0	0	1	1	0	0	2	4	3	5
353.59	35	10.102571	1985	0	1	0	0	1	0	1	1	0	0	3	6	1	2
240	68	3.529412	1957	0	1	0	0	0	0	1	1	1	0	3	3	2	3
240	65	3.692308	1957	0	1	0	0	0	0	1	1	1	0	1	3	2	3
635.84	84	7.569524	1980.5	0	1	0	0	1	0	1	1	0	0	2	5	3	4
642.27	83	7.738193	1980.5	0	1	0	0	1	0	1	1	0	0	2	5	3	4
660.56	83	7.958554	1980.5	0	1	0	0	1	0	1	1	0	0	2	5	3	4
1574.12	98	16.062449	1933.5	0	1	0	0	0	0	0	1	0	0	6	2	3	4
1187.23	65	18.265077	1980.5	0	1	0	0	0	0	0	1	0	0	4	5	2	3
387.9	67	5.789552	1971.5	0	1	0	0	0	0	0	1	0	0	10	4	2	3
1125.55	83	13.560843	1971.5	0	1	0	0	0	0	0	1	0	0	7	4	3	3
518.42	85	6.099059	1971.5	0	1	0	0	0	0	0	1	0	0	4	4	3	3
417.8	26	16.069231	1961	0	1	0	0	0	0	0	0	0	0	1	3	1	1
464.3	60	7.738333	1893	0	0	0	0	0	0	0	0	0	0	9	1	2	2
1401.35	55	25.479091	1971.5	0	1	0	0	0	0	0	0	0	0	1	4	2	2
607.48	50	12.1496	1880	0	1	0	0	0	0	0	0	0	0	4	1	1	1
541.65	63	8.597619	1957	0	0	0	0	0	0	0	0	0	0	34	3	2	2
372.42	59	6.312203	1957	0	0	0	0	0	0	0	0	0	0	34	3	2	3
556.88	87	6.40092	1964	0	1	0	0	0	0	0	0	0	0	7	3	3	4
713.7	87	8.203448	1957	0	1	0	0	0	0	0	0	0	0	29	3	3	4
473.99	73	6.493014	1971.5	0	1	0	0	0	0	0	0	0	0	25	4	2	3
933.58	72	12.966389	1971.5	0	1	0	0	0	0	0	0	0	0	2	4	2	3
308.76	57	5.416842	1957	0	0	0	0	0	0	0	0	0	0	36	3	2	2
698	60	11.633333	1957	0	0	0	0	0	0	0	0	0	0	20	3	2	2
371.5	59	6.29661	1957	0	0	0	0	0	0	0	0	0	0	36	3	2	2
581.4	60	9.69	1893	0	0	0	0	0	0	0	0	0	0	54	1	2	2
332.56	34	9.781176	1893	0	0	0	0	0	0	0	0	0	0	6	1	1	2
614.3	70	8.775714	1893	0	0	0	0	0	0	0	0	1	0	21	1	2	2
1291.32	120	10.761	1957	0	1	0	0	0	1	0	0	0	0	5	3	3	2
494.2	30	16.473333	1971.5	0	1	0	0	0	1	0	0	0	0	10	4	1	1
745.72	44	16.948182	1933.5	0	1	0	0	0	1	0	1	0	0	2	2	1	1
989.24	73	13.551233	1957	0	1	0	0	0	0	0	0	0	0	19	3	2	3
1298.97	90	14.433	1980.5	0	1	0	0	0	0	0	1	0	1	2	5	3	2
1436	98	14.653061	1980.5	0	1	0	0	0	0	0	1	0	1	1	5	3	3
1294.3	54	23.968519	1991	0	1	0	0	0	0	0	1	0	1	1	6	2	2
512.06	53	9.661509	1933.5	0	0	0	0	0	0	0	0	1	0	1	2	2	2
482.47	52	9.278269	1957	0	0	0	0	0	0	0	0	0	0	3	3	2	2
567.59	94	6.038191	1893	0	1	0	0	0	0	0	1	0	0	1	1	3	4
585.78	32	18.305625	1971.5	0	0	0	0	0	0	0	1	0	0	2	4	1	1
426	35	12.171429	1957	0	1	0	0	0	0	0	1	0	0	3	3	1	1
660.32	65	10.158769	1957	0	0	0	0	0	0	0	0	0	0	4	3	2	3
870.22	59	14.749492	1933.5	0	1	0	0	0	0	0	0	0	0	1	2	2	2
413.31	29	14.252069	1971.5	0	1	0	0	0	0	0	0	0	0	4	4	1	1
589.36	66	8.929697	1957	0	1	0	0	0	0	0	1	0	0	29	3	2	3
733.14	87	8.426897	1957	0	1	0	0	0	0	0	1	0	0	21	3	3	4
246.82	29	8.511034	1933.5	0	0	0	0	0	0	0	0	0	0	0	2	1	1
440	46	9.565217	1971.5	0	1	0	0	0	0	0	1	0	0	26	4	1	2
420	26	16.153846	1960	0	1	0	0	0	0	0	0	0	0	2	3	1	1
882.02	62	14.226129	1933.5	0	1	0	0	0	0	0	1	0	0	7	2	2	3
842.76	56	15.049286	1933.5	0	1	0	0	0	0	0	1	0	0	6	2	2	2
776.4	52	14.930769	1933.5	0	1	0	0	0	0	0	1	0	0	11	2	2	2
707.07	45	15.712667	1957	0	1	0	0	0	0	0	1	0	1	1	3	1	2
1166.43	64	18.225469	1957	0	1	0	0	0	0	0	0	0	0	27	3	2	3
705.14	31	22.746452	1965	0	1	0	0	0	0	0	0	0	0	28	3	1	1
665.87	52	12.805192	1965	0	1	0	0	0	0	0	0	0	0	1	3	2	2
481.44	64	7.5225	1933.5	0	1	0	0	0	0	0	1	0	0	42	2	2	3
272.99	35	7.799714	1933.5	1	0	0	0	0	0	0	0	0	0	10	2	1	2
1350	79	17.088608	1933.5	0	1	0	0	0	1	0	1	0	0	0	2	2	3
1435.9	85	16.892941	1957	0	1	0	0	0	1	0	1	0	0	1	3	3	3
393.27	24	16.38625	1933.5	0	1	0	0	0	1	0	0	0	0	3	2	1	1
1030.46	38	27.117368	1893	0	1	0	0	0	1	0	1	0	0	2	1	1	2
634.18	32	19.818125	1893	0	1	0	0	0	1	0	1	0	0	0	1	1	1
932.62	89	10.478876	1957	0	1	0	0	0	1	0	1	0	0	21	3	3	3
1666.91	98	17.009286	1893	0	1	0	0	0	1	0	1	0	0	1	1	3	2
1302.01	90	14.466778	1933.5	0	1	0	0	0	1	0	1	0	0	1	2	3	3
1151.48	118	9.758305	1933.5	0	0	0	0	0	1	0	0	0	0	10	2	3	4
828.23	72	11.503194	1933.5	0	1	0	0	0	1	0	0	0	0	32	2	2	2
779.7	79	9.86962	1957	0	1	0	0	0	1	0	1	0	0	30	3	2	3
1095.78	87	12.595172	1933.5	0	0	0	0	0	1	0	1	0	0	22	2	3	4
836.83	67	12.49	1933.5	0	0	0	0	0	1	0	0	0	0	22	2	2	2
214.12	42	5.098095	1933.5	1	0	0	0	0	1	0	0	0	0	30	2	1	1
712.03	40	17.80075	1933.5	0	1	0	0	0	1	0	1	0	0	8	2	1	1
1389.03	79	17.582658	1933.5	0	1	0	0	0	1	0	1	0	0	4	2	2	3
1306.36	79	16.536203	1933.5	0	1	0	0	0	1	0	1	0	0	7	2	2	3
1920	145	13.241379	1957	0	1	0	0	0	1	0	1	0	0	31	3	3	5
1380.64	165	8.367515	1933.5	0	1	0	0	0	1	0	1	0	0	6	2	3	5
536.97	67	8.014478	1893	0	1	0	0	0	0	0	0	0	0	16	1	2	4
127.06	44	2.887727	1957	0	0	0	0	0	0	1	0	1	0	3	3	1	2
206.22	45	4.582667	1957	0	0	0	0	0	0	1	0	1	0	2	3	1	2
204.4	44	4.645455	1957	0	0	0	0	0	0	1	0	1	0	1	3	1	2
980	86	11.395349	1989.5	0	1	0	0	0	0	0	1	0	0	3	6	3	4
980	86	11.395349	1989.5	0	1	0	0	0	0	0	1	0	0	3	6	3	4
143.4	60	2.39	1933.5	1	0	1	0	0	0	0	0	0	0	14	2	2	2
507.45	75	6.766	1957	0	0	0	0	0	0	0	0	0	0	12	3	2	3
843.79	75	11.250533	1957	0	0	0	0	0	0	0	0	0	0	9	3	2	3
948.25	76	12.476974	1933.5	0	0	0	0	0	0	0	0	0	0	15	2	2	3
453	24	18.875	1971.5	0	1	0	0	0	0	0	1	0	0	15	4	1	1
560	26	21.538462	1971.5	0	1	0	0	0	0	0	1	0	0	5	4	1	1
1710	85	20.117647	1989.5	0	1	0	0	0	1	0	1	0	0	4	6	3	3
640	35	18.285714	1971.5	0	1	0	0	0	1	0	1	0	1	1	4	1	1
636.44	71	8.963944	1980.5	0	1	0	0	0	1	0	1	0	1	12	5	2	2
751.33	40	18.78325	1957	0	1	0	0	0	1	0	1	0	0	0	3	1	1
1346.91	53	25.413396	1933.5	0	1	0	0	0	0	0	1	0	1	0	2	2	2
1390	90	15.444444	1958	0	0	0	0	0	0	0	1	0	0	4	3	3	3
1350	111	12.162162	1933.5	0	1	0	0	0	0	0	0	0	0	15	2	3	5
1225	111	11.036036	1933.5	0	1	0	0	0	0	0	0	0	0	4	2	3	5
1162	111	10.468468	1933.5	0	1	0	0	0	0	0	0	0	0	18	2	3	5
456.03	86	5.302674	1893	0	1	0	0	0	0	0	0	0	0	10	1	3	3
603.89	32	18.871562	1971.5	0	1	0	0	0	0	0	0	0	0	1	4	1	1
766.58	86	8.913721	1971.5	0	1	0	0	0	0	0	1	0	1	21	4	3	3
1130	45	25.111111	1933.5	1	1	0	0	0	0	0	0	0	0	2	2	1	2
726	38	19.105263	1912	0	0	0	0	0	0	0	0	0	0	1	1	1	2
1080.72	72	15.01	1968	0	1	0	0	0	0	0	1	0	0	3	4	2	3
336.04	50	6.7208	1893	1	0	0	0	0	0	0	0	0	0	1	1	1	2
266.66	46	5.796957	1893	0	0	0	0	0	0	0	1	0	0	4	1	1	2
521.07	76	6.856184	1919	0	1	0	0	0	0	0	0	0	0	17	2	2	3
701.32	76	9.227895	1919	0	1	0	0	0	0	0	0	0	0	3	2	2	3
1220	99	12.323232	1933.5	0	1	0	1	0	1	0	1	0	0	7	2	3	4
1216.25	109	11.158257	1971.5	0	1	0	1	0	1	0	1	0	0	8	4	3	5
1257.16	81	15.520494	1971.5	0	1	0	1	0	1	0	1	0	0	13	4	3	3
1260	63	20	1991	0	1	0	1	0	1	0	1	0	0	1	6	2	2
1649	84	19.630952	1991	0	1	0	1	0	1	0	1	0	0	1	6	3	3
1650	83	19.879518	1991	0	1	0	1	0	1	0	1	0	0	1	6	3	3
779.4	86	9.062791	1933.5	0	1	0	1	0	1	0	1	0	0	9	2	3	4
1307.58	76	17.205	1933.5	0	1	0	1	0	1	0	1	0	0	1	2	2	4
1880	80	23.5	1933.5	0	1	0	1	0	1	0	1	0	0	1	2	2	3
701.55	85	8.253529	1933.5	0	1	0	1	0	1	0	1	0	0	40	2	3	4
539.78	26	20.760769	1959	0	1	0	0	0	0	0	1	0	0	2	3	1	1
700	32	21.875	1971	0	1	0	0	0	0	0	1	0	0	1	4	1	1
966.58	55	17.574182	1971	0	1	0	0	0	0	0	1	0	0	0	4	2	2
360	65	5.538462	1893	1	0	1	0	0	0	0	0	0	0	1	1	2	3
569.69	78	7.303718	1893	1	0	1	0	0	0	0	0	0	0	3	1	2	3
457.05	63	7.254762	1957	0	1	0	0	0	0	0	1	0	0	2	3	2	3
900	45	20	1971.5	0	1	0	0	0	0	0	1	0	0	3	4	1	2
700	72	9.722222	1893	0	1	0	0	0	0	0	1	0	0	1	1	2	3
1007.04	72	13.986667	1961	0	1	0	0	0	0	0	1	0	0	7	3	2	3
745.13	59	12.629322	1980.5	0	1	0	0	0	0	0	1	0	1	0	5	2	2
990.12	74	13.38	1893	0	0	0	0	0	0	0	1	0	0	3	1	2	3
870	77	11.298701	1960	0	1	0	0	0	0	0	0	0	0	6	3	2	3
803.97	60	13.3995	1957	0	1	0	0	0	0	0	1	0	0	10	3	2	2
714.05	102	7.00049	1883	0	1	0	0	0	0	0	0	0	0	3	1	3	4
591.89	138	4.289058	1893	0	0	0	0	0	0	0	0	0	0	6	1	3	5
758.61	110	6.896455	1893	0	0	0	0	0	0	0	0	0	0	31	1	3	4
781	46	16.978261	1973	0	1	0	0	0	0	0	0	0	1	2	4	1	2
800	39	20.512821	1973	0	1	0	0	0	0	0	0	0	1	1	4	1	1
808.25	115	7.028261	1876	0	1	0	0	0	0	0	0	0	0	19	1	3	3
526.2	58	9.072414	1919	0	1	0	0	0	0	0	0	0	0	4	2	2	1
695.73	63	11.043333	1957	0	1	0	0	0	0	0	0	1	0	30	3	2	4
663.28	66	10.049697	1900	0	1	0	0	0	0	0	0	1	0	33	1	2	4
1625	90	18.055556	1984	0	1	0	0	0	0	0	0	0	1	5	6	3	3
1200	110	10.909091	1893	0	1	0	0	0	0	0	0	0	0	2	1	3	4
1367.63	73	18.734658	1933.5	0	0	1	0	0	0	0	0	0	0	3	2	2	3
1846.44	94	19.642979	1893	0	0	0	0	0	0	0	1	0	1	0	1	3	3
1332	72	18.5	1980.5	0	1	0	0	0	0	0	1	0	0	12	5	2	3
920	62	14.83871	1980.5	0	1	0	0	0	0	0	1	0	0	3	5	2	2
910	64	14.21875	1980.5	0	1	0	0	0	0	0	1	0	0	2	5	2	2
1022	84	12.166667	1980.5	0	1	0	0	0	0	0	1	0	0	5	5	3	2
372.88	54	6.905185	1893	1	0	1	0	0	0	0	0	0	0	45	1	2	2
589.8	38	15.521053	1933.5	0	1	0	0	0	0	0	1	0	0	23	2	1	2
1139.62	49	23.257551	1984	0	1	0	0	0	0	0	1	0	0	1	6	1	2
1304.57	68	19.184853	1971.5	0	1	0	0	0	1	0	1	0	0	0	4	2	2
928.11	70	13.258714	1959	0	1	0	0	0	0	1	1	0	0	3	3	2	2
683.45	75	9.112667	1893	0	1	0	0	0	0	0	1	0	0	0	1	2	2
1381.45	75	18.419333	1893	0	1	0	0	0	0	0	1	0	0	2	1	2	3
1373.45	75	18.312667	1893	0	1	0	0	0	0	0	1	0	0	1	1	2	3
1273.79	75	16.983867	1893	0	1	0	0	0	0	0	1	0	0	6	1	2	3
637	60	10.616667	1893	0	1	0	0	0	0	0	1	0	0	55	1	2	3
468	46	10.173913	1893	0	1	0	0	0	0	0	1	0	0	0	1	1	2
1700.56	85	20.006588	1893	0	1	0	0	0	0	0	1	0	0	1	1	3	3
820	92	8.913043	1893	0	1	0	0	0	0	0	1	0	0	20	1	3	3
770	74	10.405405	1893	0	1	0	0	0	0	0	0	0	0	5	1	2	3
811	105	7.72381	1893	0	1	0	0	0	0	0	1	0	0	11	1	3	4
1324	70	18.914286	1961	0	1	0	0	0	0	0	1	0	0	1	3	2	3
650	51	12.745098	1933.5	0	1	0	0	0	0	0	1	0	0	32	2	2	2
1141.33	75	15.217733	1893	0	1	0	0	0	0	0	0	0	0	0	1	2	3
1000	42	23.809524	1973	0	1	0	0	0	0	0	1	0	0	0	4	1	2
1120	90	12.444444	1933.5	0	1	0	0	0	0	0	0	0	0	18	2	3	3
1421.19	90	15.791	1933.5	0	1	0	0	0	0	0	0	0	0	4	2	3	3
1744.2	85	20.52	1933.5	0	1	0	0	0	0	0	1	0	0	2	2	3	3
591.54	86	6.878372	1954	0	1	0	0	0	0	0	0	1	0	7	3	3	3
879.78	98	8.977347	1954	0	1	0	0	0	0	0	0	0	0	3	3	3	4
2223.32	103	21.585631	1991	0	1	0	0	0	0	0	1	0	0	2	6	3	3
1073.44	53	20.253585	1933.5	0	1	0	0	0	0	1	1	0	0	3	2	2	2
1171.08	63	18.588571	1899	0	1	0	0	0	0	1	1	0	0	3	1	2	2
563.89	90	6.265444	1893	0	1	0	0	0	0	1	0	0	0	24	1	3	3
348.77	38	9.178158	1980.5	0	0	0	0	0	0	0	1	0	1	1	5	1	2
475.49	42	11.32119	1980.5	0	0	0	0	0	0	0	1	0	0	9	5	1	2
1162.33	70	16.604714	1971.5	0	1	0	0	0	0	0	1	0	1	3	4	2	3
1529.34	94	16.269574	1980.5	0	1	0	0	0	0	0	1	0	0	3	5	3	3
670	37	18.108108	1971.5	0	1	0	0	0	0	0	1	0	0	4	4	1	1
725.76	70	10.368	1937	0	1	0	0	0	1	0	1	0	0	17	2	2	3
1121.71	92	12.1925	1895	0	1	0	0	0	1	0	0	0	0	42	1	3	4
843.17	76	11.094342	1893	0	1	0	0	0	1	0	0	0	0	47	1	2	3
456.34	58	7.867931	1941	0	1	0	0	0	0	1	1	0	0	4	2	2	2
796.63	40	19.91575	1971	0	1	0	0	0	1	0	0	0	0	5	4	1	1
1000.38	70	14.291143	1971.5	0	1	0	0	0	1	0	0	0	0	18	4	2	3
1074.18	65	16.525846	1971.5	0	1	0	0	0	1	0	1	0	0	15	4	2	3
937.6	68	13.788235	1971.5	0	1	0	0	0	1	0	0	0	0	17	4	2	3
603.5	42	14.369048	1971.5	0	1	0	0	0	1	0	0	0	0	10	4	1	1
800.62	51	15.698431	1957	0	1	0	0	0	1	0	0	0	0	5	3	2	1
561.75	40	14.04375	1957	0	1	0	0	0	1	0	0	0	0	3	3	1	2
2445.22	100	24.4522	1985	0	1	0	1	0	0	0	1	0	1	2	6	3	4
980.71	72	13.620972	1957	0	1	0	0	0	1	0	1	0	0	5	3	2	2
583.75	57	10.241228	1971.5	0	1	0	0	0	0	0	0	0	0	8	4	2	2
783.6	80	9.795	1971.5	0	1	0	0	0	1	0	1	0	0	21	4	2	3
1294.58	120	10.788167	1957	0	1	0	0	0	0	0	1	0	0	13	3	3	4
652.76	48	13.599167	1957	0	1	0	0	0	0	0	1	0	0	7	3	1	2
667.25	88	7.582386	1933.5	0	0	0	0	0	0	0	0	0	0	43	2	3	3
1021.58	50	20.4316	1983	0	1	0	0	0	0	0	1	0	0	0	5	1	2
970.58	55	17.646909	1893	0	1	0	0	0	1	0	1	0	0	64	1	2	2
671.07	37	18.137027	1900	0	1	0	0	0	1	0	0	0	0	56	1	1	1
1129.88	60	18.831333	1900	0	1	0	0	0	1	0	0	0	0	32	1	2	2
898.35	55	16.333636	1893	0	1	0	0	0	1	0	1	0	0	8	1	2	2
637	65	9.8	1957	0	1	0	0	1	0	1	1	0	0	4	3	2	3
1282.27	91	14.090879	1974	0	1	0	0	1	0	1	1	0	0	3	4	3	3
810.49	75	10.806533	1957	0	1	0	0	0	1	0	1	0	0	9	3	2	3
814.65	75	10.862	1957	0	1	0	0	0	1	0	1	0	0	34	3	2	3
364.78	49	7.44449	1964	0	1	0	0	0	0	0	1	0	0	17	3	1	2
394.49	67	5.88791	1957	0	1	0	0	0	0	0	1	0	0	28	3	2	3
704.34	86	8.19	1985	0	1	0	0	0	0	0	0	0	0	3	6	3	3
941.65	52	18.108654	1971.5	0	1	0	0	0	0	0	1	0	0	0	4	2	2
950.86	86	11.056512	1971.5	0	1	0	0	0	0	0	1	0	0	2	4	3	3
787.36	79	9.966582	1957	0	1	0	0	0	0	0	1	1	0	11	3	2	4
776.88	82	9.474146	1957	0	1	0	0	0	0	0	1	1	0	7	3	3	4
900	80	11.25	1957	0	1	0	0	0	0	0	1	1	0	17	3	2	4
897.73	70	12.824714	1971.5	0	1	0	0	0	0	0	0	0	0	4	4	2	2
1033.16	76	13.594211	1957	0	1	0	0	0	0	0	1	0	1	12	3	2	4
580	58	10	1971.5	0	1	0	0	0	0	0	1	0	0	1	4	2	2
930	96	9.6875	1971.5	0	1	0	0	0	0	0	1	0	0	19	4	3	4
1467.26	65	22.573231	1980.5	0	1	0	0	0	1	0	1	0	0	5	5	2	3
572.11	45	12.713556	1956	0	1	0	0	0	1	0	1	0	0	1	3	1	2
659.65	45	14.658889	1956	0	1	0	0	0	1	0	1	0	0	1	3	1	2
654.94	40	16.3735	1957	0	1	0	0	0	0	0	1	0	0	2	3	1	2
667.78	90	7.419778	1971.5	0	1	0	0	0	0	0	1	0	0	2	4	3	4
454.81	55	8.269273	1957	1	0	0	0	0	0	0	0	0	0	23	3	2	2
1209.1	70	17.272857	1957	0	1	0	0	0	0	0	1	0	0	1	3	2	2
524.81	58	9.048448	1969	0	1	0	0	0	0	0	1	0	0	18	4	2	2
1281.17	76	16.8575	1971.5	0	1	0	1	0	1	0	1	0	0	10	4	2	3
848.65	65	13.056154	1971.5	0	1	0	0	0	0	0	0	0	0	25	4	2	2
2130.22	109	19.543303	1957	0	1	0	1	0	1	0	1	0	0	1	3	3	5
708.15	65	10.894615	1893	0	0	1	0	0	0	1	0	0	0	2	1	2	3
1502.24	95	15.813053	1989.5	0	1	0	0	0	0	0	1	0	0	4	6	3	3
697.1	65	10.724615	1989.5	0	1	0	0	0	0	0	1	0	0	4	6	2	2
1160.34	96	12.086875	1971.5	0	1	0	0	0	1	0	1	0	0	6	4	3	3
2021.16	95	21.275368	1969	0	1	0	0	0	1	0	0	0	0	1	4	3	3
452.52	92	4.918696	1957	0	1	0	0	0	1	0	0	0	0	6	3	3	3
1281.4	60	21.356667	1973	0	1	0	0	0	1	0	1	0	0	0	4	2	3
644.86	52	12.401154	1974	0	1	0	0	0	1	0	1	0	0	0	4	2	2
779.58	23	33.894783	1974	0	1	0	0	0	1	0	1	0	1	4	4	1	1
662.76	30	22.092	1964	0	1	0	0	0	1	0	0	0	0	1	3	1	1
709.96	50	14.1992	1969	0	1	0	0	0	1	0	1	0	0	1	4	1	1
476.56	60	7.942667	1939	0	1	0	0	0	1	0	0	0	0	1	2	2	2
